#include "TGraph.h"

double adGSF_ETable[] = {
1e-08,
0.12000000999999999,
0.2400000100000001,
0.36000001,
0.48000000999999987,
0.60000001,
0.7200000100000001,
0.84000001,
0.9600000099999999,
1.08000001,
1.2000000100000001,
1.3200000100000002,
1.4400000099999999,
1.56000001,
1.68000001,
1.8000000099999998,
1.9200000099999999,
2.04000001,
2.16000001,
2.28000001,
2.40000001,
2.52000001,
2.64000001,
2.7600000099999997,
2.88000001,
3.00000001,
3.12000001,
3.24000001,
3.3600000100000003,
3.4800000100000004,
3.6000000099999996,
3.7200000099999997,
3.84000001,
3.96000001,
4.08000001,
4.20000001,
4.32000001,
4.440000009999999,
4.5600000099999995,
4.68000001,
4.80000001,
4.92000001,
5.04000001,
5.16000001,
5.28000001,
5.40000001,
5.5200000099999995,
5.64000001,
5.76000001,
5.88000001,
6.00000001,
6.12000001,
6.24000001,
6.360000009999999
};
const int nGSF_ETable = sizeof(adGSF_ETable)/sizeof(double);

double adGSF_E1[] = {
0.0,
2.3593064840436204e-08,
2.429738335658559e-08,
2.502273813823266e-08,
2.5769741276562754e-08,
2.653904417122866e-08,
2.7331312218332922e-08,
2.814722940050178e-08,
2.8987511715366868e-08,
2.985287885335615e-08,
3.074408116515201e-08,
3.1661867503282284e-08,
3.299059194315717e-08,
3.510125860682556e-08,
3.8017879777996766e-08,
3.865709490720838e-08,
3.63301770066567e-08,
3.439867512816608e-08,
3.066053867889194e-08,
2.6951248189907322e-08,
2.8256070518592588e-08,
3.240326846543298e-08,
3.325660474394499e-08,
2.491342242288582e-08,
2.6667058349530394e-08,
4.000733291884896e-08,
3.976663022297703e-08,
3.3364560463988085e-08,
3.37328600172599e-08,
4.166004370017737e-08,
4.830953884682994e-08,
5.157193693642096e-08,
4.034944339460801e-08,
3.4959848403926945e-08,
3.328877974653328e-08,
3.160749522274035e-08,
3.9225917949932535e-08,
3.394650120342274e-08,
3.8669099579592474e-08,
4.562373069011653e-08,
4.844704097286764e-08,
5.135825481574737e-08,
4.4818855400702564e-08,
5.625688630164044e-08,
5.9113595332503706e-08,
6.647119644557505e-08,
7.432008655815355e-08,
6.376763956355188e-08,
5.574308631224228e-08,
4.4418236984876604e-08,
7.056081830830982e-08,
7.654976650572774e-08,
8.314297159095016e-08,
9.040430628095522e-08
};
TGraph *grGSF_E1 = new TGraph(nGSF_ETable,adGSF_ETable,adGSF_E1);

double adGSF_M1[] = {
0.0,
0.0,
0.0,
0.0,
0.0,
0.0,
0.0,
0.0,
0.0,
0.0,
0.0,
0.0,
0.0,
0.0,
0.0,
0.0,
0.0,
0.0,
0.0,
0.0,
0.0,
0.0,
0.0,
0.0,
0.0,
0.0,
0.0,
0.0,
0.0,
0.0,
0.0,
0.0,
0.0,
0.0,
0.0,
0.0,
0.0,
0.0,
0.0,
0.0,
0.0,
0.0,
0.0,
0.0,
0.0,
0.0,
0.0,
0.0,
0.0,
0.0,
0.0,
0.0,
0.0,
0.0
};
TGraph *grGSF_M1 = new TGraph(nGSF_ETable,adGSF_ETable,adGSF_M1);

double adGSF_E2[] = {
0.0,
0.0,
0.0,
0.0,
0.0,
0.0,
0.0,
0.0,
0.0,
0.0,
0.0,
0.0,
0.0,
0.0,
0.0,
0.0,
0.0,
0.0,
0.0,
0.0,
0.0,
0.0,
0.0,
0.0,
0.0,
0.0,
0.0,
0.0,
0.0,
0.0,
0.0,
0.0,
0.0,
0.0,
0.0,
0.0,
0.0,
0.0,
0.0,
0.0,
0.0,
0.0,
0.0,
0.0,
0.0,
0.0,
0.0,
0.0,
0.0,
0.0,
0.0,
0.0,
0.0,
0.0
};
TGraph *grGSF_E2 = new TGraph(nGSF_ETable,adGSF_ETable,adGSF_E2);

