   0.25  0.663  5.76E+00 2.31E+01 2.31E+01 1.13E+00 2.10E+00 2.78E+00 3.10E+00 3.09E+00 2.81E+00 2.37E+00 1.85E+00 1.36E+00 9.36E-01 6.07E-01 3.71E-01 2.14E-01 1.17E-01 6.04E-02 2.95E-02 1.37E-02 5.99E-03 2.49E-03 9.83E-04 3.68E-04 1.30E-04 4.39E-05 1.40E-05 4.26E-06 1.23E-06 3.36E-07 8.71E-08 2.15E-08 5.03E-09 
   0.50  0.677  1.44E+01 3.44E+01 3.44E+01 1.49E+00 2.79E+00 3.75E+00 4.28E+00 4.39E+00 4.12E+00 3.61E+00 2.96E+00 2.28E+00 1.67E+00 1.15E+00 7.54E-01 4.69E-01 2.78E-01 1.57E-01 8.41E-02 4.30E-02 2.10E-02 9.75E-03 4.32E-03 1.83E-03 7.40E-04 2.85E-04 1.05E-04 3.70E-05 1.24E-05 3.99E-06 1.22E-06 3.58E-07 1.00E-07 
   0.75  1.125  2.55E+01 4.44E+01 4.44E+01 1.74E+00 3.29E+00 4.46E+00 5.17E+00 5.39E+00 5.19E+00 4.67E+00 3.95E+00 3.16E+00 2.40E+00 1.73E+00 1.19E+00 7.83E-01 4.91E-01 2.94E-01 1.69E-01 9.25E-02 4.86E-02 2.44E-02 1.18E-02 5.44E-03 2.41E-03 1.02E-03 4.15E-04 1.62E-04 6.07E-05 2.18E-05 7.51E-06 2.48E-06 7.87E-07 
   1.00  1.267  4.27E+01 6.89E+01 6.89E+01 2.50E+00 4.72E+00 6.46E+00 7.57E+00 8.01E+00 7.85E+00 7.21E+00 6.25E+00 5.14E+00 4.02E+00 3.00E+00 2.14E+00 1.46E+00 9.58E-01 6.02E-01 3.62E-01 2.09E-01 1.16E-01 6.20E-02 3.18E-02 1.57E-02 7.44E-03 3.39E-03 1.49E-03 6.28E-04 2.55E-04 9.96E-05 3.75E-05 1.36E-05 4.73E-06 
   1.25  0.644  6.80E+01 1.01E+02 1.01E+02 3.42E+00 6.50E+00 8.94E+00 1.06E+01 1.13E+01 1.12E+01 1.05E+01 9.27E+00 7.79E+00 6.24E+00 4.79E+00 3.52E+00 2.48E+00 1.68E+00 1.09E+00 6.85E-01 4.13E-01 2.39E-01 1.34E-01 7.21E-02 3.74E-02 1.87E-02 9.03E-03 4.20E-03 1.89E-03 8.17E-04 3.41E-04 1.38E-04 5.35E-05 2.01E-05 
   1.50  0.745  1.05E+02 1.49E+02 1.49E+02 4.74E+00 9.03E+00 1.25E+01 1.49E+01 1.61E+01 1.62E+01 1.53E+01 1.37E+01 1.17E+01 9.58E+00 7.50E+00 5.65E+00 4.08E+00 2.84E+00 1.91E+00 1.23E+00 7.68E-01 4.62E-01 2.68E-01 1.50E-01 8.15E-02 4.26E-02 2.15E-02 1.05E-02 4.96E-03 2.26E-03 9.98E-04 4.26E-04 1.76E-04 7.00E-05 
   1.75  0.683  1.58E+02 2.09E+02 2.09E+02 6.30E+00 1.20E+01 1.67E+01 2.00E+01 2.18E+01 2.21E+01 2.12E+01 1.92E+01 1.67E+01 1.39E+01 1.11E+01 8.48E+00 6.27E+00 4.47E+00 3.07E+00 2.04E+00 1.31E+00 8.11E-01 4.86E-01 2.82E-01 1.58E-01 8.57E-02 4.50E-02 2.29E-02 1.13E-02 5.37E-03 2.48E-03 1.11E-03 4.80E-04 2.01E-04 
   2.00  0.648  2.41E+02 3.32E+02 3.32E+02 9.52E+00 1.82E+01 2.54E+01 3.06E+01 3.36E+01 3.43E+01 3.31E+01 3.04E+01 2.67E+01 2.25E+01 1.82E+01 1.42E+01 1.07E+01 7.79E+00 5.47E+00 3.71E+00 2.44E+00 1.55E+00 9.56E-01 5.70E-01 3.29E-01 1.84E-01 1.00E-01 5.27E-02 2.69E-02 1.33E-02 6.38E-03 2.97E-03 1.34E-03 5.88E-04 
   2.25  0.619  3.65E+02 4.98E+02 4.98E+02 1.37E+01 2.63E+01 3.67E+01 4.44E+01 4.90E+01 5.04E+01 4.91E+01 4.55E+01 4.04E+01 3.45E+01 2.83E+01 2.24E+01 1.71E+01 1.27E+01 9.06E+00 6.28E+00 4.21E+00 2.74E+00 1.73E+00 1.06E+00 6.26E-01 3.60E-01 2.01E-01 1.09E-01 5.74E-02 2.93E-02 1.46E-02 7.02E-03 3.28E-03 1.49E-03 
   2.50  0.860  5.42E+02 7.06E+02 7.06E+02 1.86E+01 3.58E+01 5.02E+01 6.10E+01 6.76E+01 7.00E+01 6.86E+01 6.42E+01 5.75E+01 4.96E+01 4.12E+01 3.30E+01 2.56E+01 1.92E+01 1.40E+01 9.84E+00 6.73E+00 4.46E+00 2.87E+00 1.79E+00 1.09E+00 6.41E-01 3.67E-01 2.04E-01 1.11E-01 5.81E-02 2.97E-02 1.48E-02 7.13E-03 3.35E-03 
   2.75  0.905  7.96E+02 1.02E+03 1.02E+03 2.59E+01 4.99E+01 7.02E+01 8.55E+01 9.52E+01 9.91E+01 9.78E+01 9.21E+01 8.33E+01 7.24E+01 6.08E+01 4.93E+01 3.87E+01 2.94E+01 2.17E+01 1.55E+01 1.08E+01 7.28E+00 4.77E+00 3.04E+00 1.88E+00 1.13E+00 6.63E-01 3.78E-01 2.09E-01 1.13E-01 5.92E-02 3.02E-02 1.50E-02 7.27E-03 
   3.00  0.729  1.15E+03 1.43E+03 1.43E+03 3.51E+01 6.76E+01 9.53E+01 1.16E+02 1.30E+02 1.36E+02 1.35E+02 1.28E+02 1.17E+02 1.02E+02 8.67E+01 7.11E+01 5.64E+01 4.34E+01 3.24E+01 2.35E+01 1.66E+01 1.14E+01 7.57E+00 4.90E+00 3.09E+00 1.90E+00 1.13E+00 6.59E-01 3.73E-01 2.06E-01 1.10E-01 5.78E-02 2.95E-02 1.46E-02 
   3.25  0.629  1.71E+03 2.22E+03 2.22E+03 5.29E+01 1.02E+02 1.44E+02 1.76E+02 1.98E+02 2.08E+02 2.08E+02 1.98E+02 1.82E+02 1.60E+02 1.37E+02 1.13E+02 9.09E+01 7.07E+01 5.34E+01 3.92E+01 2.80E+01 1.95E+01 1.32E+01 8.66E+00 5.55E+00 3.46E+00 2.11E+00 1.25E+00 7.21E-01 4.05E-01 2.22E-01 1.19E-01 6.20E-02 3.15E-02 
   3.50  0.634  2.49E+03 3.14E+03 3.14E+03 7.25E+01 1.40E+02 1.98E+02 2.43E+02 2.74E+02 2.89E+02 2.90E+02 2.78E+02 2.56E+02 2.28E+02 1.96E+02 1.64E+02 1.32E+02 1.04E+02 7.95E+01 5.90E+01 4.26E+01 3.00E+01 2.06E+01 1.37E+01 8.92E+00 5.66E+00 3.50E+00 2.11E+00 1.24E+00 7.10E-01 3.97E-01 2.17E-01 1.15E-01 5.98E-02 
   3.75  0.869  3.51E+03 4.08E+03 4.08E+03 9.17E+01 1.77E+02 2.51E+02 3.09E+02 3.49E+02 3.70E+02 3.72E+02 3.59E+02 3.33E+02 2.98E+02 2.58E+02 2.17E+02 1.77E+02 1.40E+02 1.08E+02 8.12E+01 5.93E+01 4.22E+01 2.93E+01 1.98E+01 1.30E+01 8.39E+00 5.26E+00 3.22E+00 1.92E+00 1.12E+00 6.38E-01 3.55E-01 1.92E-01 1.02E-01 
   4.00  0.922  4.91E+03 5.58E+03 5.58E+03 1.22E+02 2.36E+02 3.35E+02 4.13E+02 4.68E+02 4.97E+02 5.02E+02 4.86E+02 4.53E+02 4.08E+02 3.56E+02 3.01E+02 2.48E+02 1.98E+02 1.54E+02 1.17E+02 8.61E+01 6.19E+01 4.34E+01 2.97E+01 1.98E+01 1.29E+01 8.22E+00 5.10E+00 3.09E+00 1.83E+00 1.06E+00 5.98E-01 3.30E-01 1.78E-01 
   4.25  0.639  7.03E+03 8.47E+03 8.47E+03 1.80E+02 3.49E+02 4.96E+02 6.14E+02 6.96E+02 7.42E+02 7.53E+02 7.32E+02 6.86E+02 6.21E+02 5.45E+02 4.64E+02 3.84E+02 3.09E+02 2.43E+02 1.85E+02 1.38E+02 1.00E+02 7.10E+01 4.91E+01 3.32E+01 2.19E+01 1.41E+01 8.86E+00 5.45E+00 3.27E+00 1.92E+00 1.10E+00 6.18E-01 3.38E-01 
   4.50  0.600  1.02E+04 1.28E+04 1.28E+04 2.67E+02 5.18E+02 7.37E+02 9.13E+02 1.04E+03 1.11E+03 1.13E+03 1.10E+03 1.04E+03 9.44E+02 8.33E+02 7.13E+02 5.94E+02 4.82E+02 3.81E+02 2.93E+02 2.20E+02 1.61E+02 1.16E+02 8.07E+01 5.51E+01 3.67E+01 2.39E+01 1.52E+01 9.49E+00 5.77E+00 3.43E+00 2.00E+00 1.14E+00 6.33E-01 
   4.75  0.600  1.51E+04 1.95E+04 1.95E+04 3.96E+02 7.68E+02 1.09E+03 1.36E+03 1.55E+03 1.66E+03 1.69E+03 1.66E+03 1.57E+03 1.43E+03 1.27E+03 1.09E+03 9.17E+02 7.49E+02 5.96E+02 4.62E+02 3.50E+02 2.59E+02 1.87E+02 1.32E+02 9.08E+01 6.12E+01 4.03E+01 2.59E+01 1.63E+01 1.01E+01 6.07E+00 3.58E+00 2.06E+00 1.17E+00 
   5.00  0.600  2.25E+04 2.95E+04 2.95E+04 5.87E+02 1.14E+03 1.63E+03 2.02E+03 2.31E+03 2.48E+03 2.54E+03 2.50E+03 2.37E+03 2.17E+03 1.94E+03 1.68E+03 1.41E+03 1.16E+03 9.29E+02 7.26E+02 5.54E+02 4.13E+02 3.00E+02 2.14E+02 1.49E+02 1.01E+02 6.73E+01 4.38E+01 2.79E+01 1.74E+01 1.06E+01 6.33E+00 3.70E+00 2.12E+00 
   5.50  0.600  5.64E+04 6.78E+04 6.78E+04 1.29E+03 2.52E+03 3.60E+03 4.48E+03 5.14E+03 5.54E+03 5.71E+03 5.64E+03 5.39E+03 4.99E+03 4.48E+03 3.92E+03 3.34E+03 2.77E+03 2.24E+03 1.78E+03 1.37E+03 1.04E+03 7.67E+02 5.55E+02 3.92E+02 2.72E+02 1.84E+02 1.22E+02 7.93E+01 5.05E+01 3.15E+01 1.92E+01 1.15E+01 6.73E+00 
   6.00  0.600  1.34E+05 1.56E+05 1.56E+05 2.86E+03 5.56E+03 7.97E+03 9.96E+03 1.14E+04 1.24E+04 1.28E+04 1.28E+04 1.23E+04 1.14E+04 1.03E+04 9.12E+03 7.83E+03 6.57E+03 5.38E+03 4.30E+03 3.37E+03 2.58E+03 1.93E+03 1.42E+03 1.02E+03 7.15E+02 4.92E+02 3.32E+02 2.20E+02 1.42E+02 9.05E+01 5.63E+01 3.44E+01 2.06E+01 
   6.50  0.600  3.14E+05 3.59E+05 3.59E+05 6.37E+03 1.24E+04 1.78E+04 2.23E+04 2.57E+04 2.80E+04 2.90E+04 2.90E+04 2.80E+04 2.63E+04 2.40E+04 2.13E+04 1.84E+04 1.56E+04 1.29E+04 1.04E+04 8.23E+03 6.37E+03 4.83E+03 3.59E+03 2.61E+03 1.86E+03 1.30E+03 8.91E+02 5.99E+02 3.95E+02 2.55E+02 1.62E+02 1.01E+02 6.14E+01 
   7.00  0.600  7.28E+05 8.28E+05 8.28E+05 1.42E+04 2.77E+04 3.98E+04 4.99E+04 5.77E+04 6.30E+04 6.57E+04 6.59E+04 6.40E+04 6.03E+04 5.53E+04 4.95E+04 4.32E+04 3.68E+04 3.07E+04 2.50E+04 2.00E+04 1.56E+04 1.20E+04 8.99E+03 6.62E+03 4.78E+03 3.38E+03 2.35E+03 1.60E+03 1.07E+03 7.03E+02 4.53E+02 2.86E+02 1.78E+02 
   7.50  0.600  1.68E+06 1.91E+06 1.91E+06 3.17E+04 6.19E+04 8.90E+04 1.12E+05 1.30E+05 1.42E+05 1.48E+05 1.50E+05 1.46E+05 1.38E+05 1.27E+05 1.15E+05 1.01E+05 8.65E+04 7.26E+04 5.97E+04 4.81E+04 3.80E+04 2.94E+04 2.23E+04 1.66E+04 1.21E+04 8.68E+03 6.11E+03 4.22E+03 2.86E+03 1.90E+03 1.24E+03 7.98E+02 5.03E+02 
   8.00  0.600  3.87E+06 4.38E+06 4.38E+06 7.09E+04 1.38E+05 1.99E+05 2.51E+05 2.91E+05 3.20E+05 3.36E+05 3.39E+05 3.32E+05 3.16E+05 2.93E+05 2.65E+05 2.34E+05 2.02E+05 1.71E+05 1.42E+05 1.15E+05 9.17E+04 7.16E+04 5.48E+04 4.12E+04 3.04E+04 2.20E+04 1.57E+04 1.10E+04 7.51E+03 5.07E+03 3.36E+03 2.18E+03 1.40E+03 
   8.50  0.600  8.91E+06 1.01E+07 1.01E+07 1.58E+05 3.09E+05 4.46E+05 5.63E+05 6.55E+05 7.20E+05 7.58E+05 7.69E+05 7.56E+05 7.23E+05 6.73E+05 6.12E+05 5.43E+05 4.72E+05 4.02E+05 3.36E+05 2.74E+05 2.20E+05 1.73E+05 1.34E+05 1.02E+05 7.56E+04 5.54E+04 3.98E+04 2.81E+04 1.95E+04 1.33E+04 8.92E+03 5.88E+03 3.81E+03 
   9.00  0.600  2.05E+07 2.31E+07 2.31E+07 3.54E+05 6.92E+05 9.99E+05 1.26E+06 1.47E+06 1.62E+06 1.71E+06 1.74E+06 1.72E+06 1.65E+06 1.54E+06 1.41E+06 1.26E+06 1.10E+06 9.42E+05 7.90E+05 6.51E+05 5.26E+05 4.17E+05 3.25E+05 2.48E+05 1.87E+05 1.38E+05 1.00E+05 7.14E+04 5.01E+04 3.45E+04 2.34E+04 1.56E+04 1.02E+04 
   9.50  0.600  4.71E+07 5.33E+07 5.33E+07 7.98E+05 1.56E+06 2.25E+06 2.85E+06 3.33E+06 3.68E+06 3.89E+06 3.97E+06 3.93E+06 3.78E+06 3.55E+06 3.26E+06 2.92E+06 2.57E+06 2.21E+06 1.87E+06 1.55E+06 1.26E+06 1.01E+06 7.89E+05 6.08E+05 4.60E+05 3.43E+05 2.51E+05 1.81E+05 1.28E+05 8.92E+04 6.11E+04 4.12E+04 2.73E+04 
  10.00  0.600  1.09E+08 1.23E+08 1.23E+08 1.80E+06 3.51E+06 5.08E+06 6.43E+06 7.53E+06 8.33E+06 8.83E+06 9.04E+06 8.97E+06 8.67E+06 8.17E+06 7.52E+06 6.78E+06 5.98E+06 5.18E+06 4.40E+06 3.66E+06 3.00E+06 2.41E+06 1.90E+06 1.48E+06 1.13E+06 8.47E+05 6.25E+05 4.54E+05 3.24E+05 2.28E+05 1.58E+05 1.07E+05 7.20E+04 
  11.00  0.600  7.59E+08 6.51E+08 6.51E+08 9.10E+06 1.78E+07 2.58E+07 3.28E+07 3.84E+07 4.27E+07 4.54E+07 4.67E+07 4.66E+07 4.53E+07 4.30E+07 3.99E+07 3.62E+07 3.23E+07 2.82E+07 2.42E+07 2.03E+07 1.68E+07 1.37E+07 1.09E+07 8.61E+06 6.66E+06 5.07E+06 3.80E+06 2.80E+06 2.04E+06 1.46E+06 1.02E+06 7.10E+05 4.85E+05 
  12.00  0.600  4.19E+09 3.43E+09 3.43E+09 4.61E+07 9.03E+07 1.31E+08 1.67E+08 1.96E+08 2.18E+08 2.33E+08 2.41E+08 2.41E+08 2.36E+08 2.25E+08 2.10E+08 1.92E+08 1.72E+08 1.52E+08 1.31E+08 1.12E+08 9.33E+07 7.66E+07 6.20E+07 4.93E+07 3.86E+07 2.98E+07 2.26E+07 1.69E+07 1.24E+07 9.03E+06 6.45E+06 4.55E+06 3.15E+06 
  13.00  0.600  2.24E+10 1.82E+10 1.82E+10 2.36E+08 4.63E+08 6.73E+08 8.57E+08 1.01E+09 1.13E+09 1.21E+09 1.25E+09 1.26E+09 1.24E+09 1.19E+09 1.12E+09 1.03E+09 9.28E+08 8.23E+08 7.17E+08 6.14E+08 5.18E+08 4.29E+08 3.51E+08 2.82E+08 2.23E+08 1.74E+08 1.34E+08 1.01E+08 7.54E+07 5.54E+07 4.02E+07 2.87E+07 2.02E+07 
  14.00  0.600  1.19E+11 9.65E+10 9.65E+10 1.21E+09 2.37E+09 3.45E+09 4.40E+09 5.19E+09 5.82E+09 6.25E+09 6.50E+09 6.57E+09 6.48E+09 6.24E+09 5.89E+09 5.45E+09 4.95E+09 4.42E+09 3.88E+09 3.35E+09 2.85E+09 2.38E+09 1.96E+09 1.59E+09 1.27E+09 1.00E+09 7.76E+08 5.94E+08 4.48E+08 3.33E+08 2.44E+08 1.77E+08 1.26E+08 
  15.00  0.600  6.28E+11 5.09E+11 5.09E+11 6.17E+09 1.21E+10 1.76E+10 2.25E+10 2.66E+10 2.99E+10 3.22E+10 3.36E+10 3.41E+10 3.37E+10 3.26E+10 3.10E+10 2.88E+10 2.63E+10 2.36E+10 2.09E+10 1.81E+10 1.55E+10 1.31E+10 1.08E+10 8.86E+09 7.14E+09 5.68E+09 4.45E+09 3.44E+09 2.62E+09 1.97E+09 1.46E+09 1.07E+09 7.71E+08 
  16.00  0.600  3.33E+12 2.71E+12 2.71E+12 3.18E+10 6.25E+10 9.11E+10 1.17E+11 1.38E+11 1.55E+11 1.68E+11 1.75E+11 1.78E+11 1.77E+11 1.72E+11 1.64E+11 1.53E+11 1.41E+11 1.27E+11 1.13E+11 9.85E+10 8.48E+10 7.19E+10 6.01E+10 4.95E+10 4.02E+10 3.22E+10 2.55E+10 1.99E+10 1.53E+10 1.16E+10 8.69E+09 6.43E+09 4.69E+09 
  17.00  0.600  1.77E+13 1.43E+13 1.43E+13 1.64E+11 3.22E+11 4.69E+11 6.01E+11 7.13E+11 8.03E+11 8.70E+11 9.12E+11 9.31E+11 9.27E+11 9.04E+11 8.64E+11 8.11E+11 7.48E+11 6.78E+11 6.05E+11 5.32E+11 4.61E+11 3.93E+11 3.31E+11 2.74E+11 2.24E+11 1.81E+11 1.44E+11 1.13E+11 8.80E+10 6.74E+10 5.10E+10 3.80E+10 2.80E+10 
  18.00  0.600  9.32E+13 7.55E+13 7.55E+13 8.40E+11 1.65E+12 2.41E+12 3.09E+12 3.67E+12 4.15E+12 4.50E+12 4.73E+12 4.83E+12 4.83E+12 4.72E+12 4.53E+12 4.27E+12 3.95E+12 3.60E+12 3.23E+12 2.85E+12 2.48E+12 2.13E+12 1.80E+12 1.51E+12 1.24E+12 1.01E+12 8.09E+11 6.41E+11 5.01E+11 3.87E+11 2.95E+11 2.22E+11 1.65E+11 
  19.00  0.600  4.95E+14 4.02E+14 4.02E+14 4.36E+12 8.57E+12 1.25E+13 1.61E+13 1.91E+13 2.16E+13 2.35E+13 2.47E+13 2.53E+13 2.54E+13 2.49E+13 2.40E+13 2.27E+13 2.11E+13 1.93E+13 1.74E+13 1.54E+13 1.35E+13 1.16E+13 9.90E+12 8.31E+12 6.89E+12 5.63E+12 4.55E+12 3.63E+12 2.86E+12 2.22E+12 1.71E+12 1.30E+12 9.72E+11 
  20.00  0.600  2.62E+15 2.13E+15 2.13E+15 2.25E+13 4.43E+13 6.47E+13 8.31E+13 9.91E+13 1.12E+14 1.22E+14 1.29E+14 1.32E+14 1.33E+14 1.31E+14 1.26E+14 1.20E+14 1.12E+14 1.03E+14 9.27E+13 8.27E+13 7.27E+13 6.30E+13 5.39E+13 4.55E+13 3.79E+13 3.12E+13 2.54E+13 2.03E+13 1.61E+13 1.26E+13 9.78E+12 7.48E+12 5.65E+12 
  22.50  0.600  3.46E+17 1.37E+17 1.37E+17 1.37E+15 2.71E+15 3.96E+15 5.10E+15 6.09E+15 6.91E+15 7.55E+15 8.01E+15 8.27E+15 8.35E+15 8.26E+15 8.03E+15 7.67E+15 7.21E+15 6.68E+15 6.10E+15 5.49E+15 4.87E+15 4.27E+15 3.69E+15 3.16E+15 2.66E+15 2.22E+15 1.83E+15 1.49E+15 1.20E+15 9.53E+14 7.49E+14 5.83E+14 4.48E+14 
  25.00  0.600  2.25E+19 8.85E+18 8.85E+18 8.42E+16 1.66E+17 2.43E+17 3.14E+17 3.76E+17 4.28E+17 4.69E+17 4.99E+17 5.17E+17 5.25E+17 5.22E+17 5.10E+17 4.90E+17 4.64E+17 4.33E+17 3.98E+17 3.61E+17 3.24E+17 2.86E+17 2.50E+17 2.16E+17 1.84E+17 1.55E+17 1.29E+17 1.07E+17 8.68E+16 7.00E+16 5.58E+16 4.40E+16 3.43E+16 
  30.00  0.600  1.83E+23 3.66E+22 3.66E+22 3.20E+20 6.31E+20 9.26E+20 1.20E+21 1.44E+21 1.65E+21 1.81E+21 1.94E+21 2.03E+21 2.07E+21 2.08E+21 2.05E+21 1.99E+21 1.90E+21 1.80E+21 1.67E+21 1.54E+21 1.40E+21 1.25E+21 1.11E+21 9.77E+20 8.48E+20 7.28E+20 6.18E+20 5.19E+20 4.32E+20 3.56E+20 2.90E+20 2.34E+20 1.87E+20 
  40.00  0.600  6.37E+30 6.37E+29 6.37E+29 4.84E+27 9.57E+27 1.41E+28 1.83E+28 2.21E+28 2.54E+28 2.82E+28 3.05E+28 3.21E+28 3.32E+28 3.37E+28 3.37E+28 3.32E+28 3.22E+28 3.09E+28 2.93E+28 2.74E+28 2.54E+28 2.33E+28 2.11E+28 1.90E+28 1.69E+28 1.49E+28 1.30E+28 1.12E+28 9.60E+27 8.15E+27 6.85E+27 5.71E+27 4.72E+27 
