#include "TGraph.h"

double adGSF_ETable[] = {
1e-08,
0.12000000999999999,
0.2400000100000001,
0.36000001,
0.48000000999999987,
0.60000001,
0.7200000100000001,
0.84000001,
0.9600000099999999,
1.08000001,
1.2000000100000001,
1.3200000100000002,
1.4400000099999999,
1.56000001,
1.68000001,
1.8000000099999998,
1.9200000099999999,
2.04000001,
2.16000001,
2.28000001,
2.40000001,
2.52000001,
2.64000001,
2.7600000099999997,
2.88000001,
3.00000001,
3.12000001,
3.24000001,
3.3600000100000003,
3.4800000100000004,
3.6000000099999996,
3.7200000099999997,
3.84000001,
3.96000001,
4.08000001,
4.20000001,
4.32000001,
4.440000009999999,
4.5600000099999995,
4.68000001,
4.80000001,
4.92000001,
5.04000001,
5.16000001,
5.28000001,
5.40000001,
5.5200000099999995,
5.64000001,
5.76000001,
5.88000001,
6.00000001,
6.12000001,
6.24000001,
6.360000009999999
};
const int nGSF_ETable = sizeof(adGSF_ETable)/sizeof(double);

double adGSF_E1[] = {
0.0,
7.240612788926563e-09,
7.87664714773878e-09,
8.56855095093861e-09,
9.3212300434423e-09,
1.0140031333420645e-08,
1.1030752812993451e-08,
1.1999717146043041e-08,
1.305379956907524e-08,
1.4200475183142634e-08,
1.544788325306942e-08,
1.6804860663166383e-08,
1.8496055379537282e-08,
2.0787504086259703e-08,
2.3782540183615866e-08,
2.5429650576761847e-08,
2.521422475805911e-08,
2.5187607378146495e-08,
2.3686017601738952e-08,
2.196635382546126e-08,
2.4297300894254e-08,
2.9396929300341262e-08,
3.183158250104333e-08,
2.5158262541275292e-08,
2.8411194783807752e-08,
4.496979578408467e-08,
4.7159291393013245e-08,
4.17446685301423e-08,
4.4528237804119736e-08,
5.8018860764376666e-08,
7.09822000481306e-08,
7.994604279585097e-08,
6.59914995906552e-08,
6.032358389680875e-08,
6.06013665652619e-08,
6.070741720447903e-08,
7.948623406831641e-08,
7.257398422727845e-08,
8.722008706872115e-08,
1.085701402709424e-07,
1.2163371837117563e-07,
1.3603922577803307e-07,
1.2525103796079086e-07,
1.6586831090714664e-07,
1.8388328042385297e-07,
2.1815014695485233e-07,
2.5733268151491877e-07,
2.3294648125439629e-07,
2.148394111654159e-07,
1.8061384217359923e-07,
3.0322196658943156e-07,
3.4705317305603387e-07,
3.976784184106488e-07,
4.561947887057686e-07
};
TGraph *grGSF_E1 = new TGraph(nGSF_ETable,adGSF_ETable,adGSF_E1);

double adGSF_M1[] = {
0.0,
0.0,
0.0,
0.0,
0.0,
0.0,
0.0,
0.0,
0.0,
0.0,
0.0,
0.0,
0.0,
0.0,
0.0,
0.0,
0.0,
0.0,
0.0,
0.0,
0.0,
0.0,
0.0,
0.0,
0.0,
0.0,
0.0,
0.0,
0.0,
0.0,
0.0,
0.0,
0.0,
0.0,
0.0,
0.0,
0.0,
0.0,
0.0,
0.0,
0.0,
0.0,
0.0,
0.0,
0.0,
0.0,
0.0,
0.0,
0.0,
0.0,
0.0,
0.0,
0.0,
0.0
};
TGraph *grGSF_M1 = new TGraph(nGSF_ETable,adGSF_ETable,adGSF_M1);

double adGSF_E2[] = {
0.0,
0.0,
0.0,
0.0,
0.0,
0.0,
0.0,
0.0,
0.0,
0.0,
0.0,
0.0,
0.0,
0.0,
0.0,
0.0,
0.0,
0.0,
0.0,
0.0,
0.0,
0.0,
0.0,
0.0,
0.0,
0.0,
0.0,
0.0,
0.0,
0.0,
0.0,
0.0,
0.0,
0.0,
0.0,
0.0,
0.0,
0.0,
0.0,
0.0,
0.0,
0.0,
0.0,
0.0,
0.0,
0.0,
0.0,
0.0,
0.0,
0.0,
0.0,
0.0,
0.0,
0.0
};
TGraph *grGSF_E2 = new TGraph(nGSF_ETable,adGSF_ETable,adGSF_E2);

