   0.25  0.510  4.79E+00 1.92E+01 1.92E+01 9.40E-01 1.74E+00 2.31E+00 2.58E+00 2.57E+00 2.34E+00 1.97E+00 1.54E+00 1.13E+00 7.78E-01 5.04E-01 3.08E-01 1.78E-01 9.71E-02 5.02E-02 2.45E-02 1.13E-02 4.98E-03 2.07E-03 8.16E-04 3.05E-04 1.08E-04 3.65E-05 1.17E-05 3.54E-06 1.02E-06 2.79E-07 7.24E-08 1.79E-08 4.18E-09 
   0.50  0.508  1.28E+01 3.20E+01 3.20E+01 1.39E+00 2.60E+00 3.49E+00 3.98E+00 4.08E+00 3.84E+00 3.36E+00 2.75E+00 2.12E+00 1.55E+00 1.07E+00 7.01E-01 4.36E-01 2.58E-01 1.46E-01 7.82E-02 4.00E-02 1.95E-02 9.07E-03 4.02E-03 1.70E-03 6.88E-04 2.65E-04 9.78E-05 3.44E-05 1.16E-05 3.71E-06 1.14E-06 3.33E-07 9.32E-08 
   0.75  0.662  2.43E+01 4.62E+01 4.62E+01 1.81E+00 3.42E+00 4.63E+00 5.37E+00 5.61E+00 5.40E+00 4.85E+00 4.11E+00 3.29E+00 2.49E+00 1.80E+00 1.24E+00 8.14E-01 5.10E-01 3.06E-01 1.75E-01 9.61E-02 5.05E-02 2.54E-02 1.22E-02 5.65E-03 2.50E-03 1.06E-03 4.32E-04 1.69E-04 6.31E-05 2.27E-05 7.81E-06 2.58E-06 8.18E-07 
   1.00  0.742  4.44E+01 8.03E+01 8.03E+01 2.91E+00 5.50E+00 7.52E+00 8.82E+00 9.34E+00 9.15E+00 8.40E+00 7.28E+00 5.98E+00 4.68E+00 3.50E+00 2.50E+00 1.71E+00 1.12E+00 7.01E-01 4.22E-01 2.44E-01 1.35E-01 7.23E-02 3.71E-02 1.83E-02 8.66E-03 3.95E-03 1.73E-03 7.31E-04 2.97E-04 1.16E-04 4.36E-05 1.58E-05 5.50E-06 
   1.25  0.486  7.74E+01 1.32E+02 1.32E+02 4.45E+00 8.46E+00 1.16E+01 1.38E+01 1.47E+01 1.46E+01 1.37E+01 1.21E+01 1.01E+01 8.12E+00 6.23E+00 4.58E+00 3.23E+00 2.19E+00 1.42E+00 8.91E-01 5.37E-01 3.12E-01 1.74E-01 9.38E-02 4.87E-02 2.44E-02 1.18E-02 5.47E-03 2.46E-03 1.06E-03 4.44E-04 1.79E-04 6.96E-05 2.61E-05 
   1.50  0.552  1.32E+02 2.17E+02 2.17E+02 6.89E+00 1.31E+01 1.82E+01 2.16E+01 2.34E+01 2.35E+01 2.22E+01 1.99E+01 1.70E+01 1.39E+01 1.09E+01 8.21E+00 5.94E+00 4.13E+00 2.77E+00 1.79E+00 1.12E+00 6.72E-01 3.90E-01 2.19E-01 1.18E-01 6.19E-02 3.13E-02 1.53E-02 7.21E-03 3.29E-03 1.45E-03 6.19E-04 2.55E-04 1.02E-04 
   1.75  0.522  2.17E+02 3.40E+02 3.40E+02 1.02E+01 1.96E+01 2.72E+01 3.26E+01 3.55E+01 3.60E+01 3.44E+01 3.12E+01 2.71E+01 2.25E+01 1.80E+01 1.38E+01 1.02E+01 7.26E+00 4.99E+00 3.31E+00 2.13E+00 1.32E+00 7.89E-01 4.58E-01 2.57E-01 1.39E-01 7.31E-02 3.72E-02 1.83E-02 8.73E-03 4.03E-03 1.80E-03 7.80E-04 3.27E-04 
   2.00  0.494  3.67E+02 6.03E+02 6.03E+02 1.73E+01 3.31E+01 4.62E+01 5.56E+01 6.10E+01 6.24E+01 6.02E+01 5.53E+01 4.86E+01 4.09E+01 3.32E+01 2.59E+01 1.95E+01 1.42E+01 9.94E+00 6.75E+00 4.43E+00 2.82E+00 1.74E+00 1.04E+00 5.99E-01 3.35E-01 1.82E-01 9.57E-02 4.89E-02 2.42E-02 1.16E-02 5.40E-03 2.44E-03 1.07E-03 
   2.25  0.480  6.20E+02 1.01E+03 1.01E+03 2.78E+01 5.34E+01 7.47E+01 9.03E+01 9.96E+01 1.03E+02 9.98E+01 9.25E+01 8.22E+01 7.01E+01 5.75E+01 4.55E+01 3.48E+01 2.57E+01 1.84E+01 1.28E+01 8.56E+00 5.56E+00 3.51E+00 2.14E+00 1.27E+00 7.32E-01 4.09E-01 2.22E-01 1.17E-01 5.96E-02 2.96E-02 1.43E-02 6.68E-03 3.04E-03 
   2.50  0.599  1.02E+03 1.60E+03 1.60E+03 4.23E+01 8.13E+01 1.14E+02 1.39E+02 1.54E+02 1.59E+02 1.56E+02 1.46E+02 1.31E+02 1.13E+02 9.35E+01 7.50E+01 5.82E+01 4.36E+01 3.17E+01 2.24E+01 1.53E+01 1.01E+01 6.52E+00 4.07E+00 2.47E+00 1.46E+00 8.34E-01 4.64E-01 2.51E-01 1.32E-01 6.75E-02 3.35E-02 1.62E-02 7.61E-03 
   2.75  0.624  1.67E+03 2.59E+03 2.59E+03 6.58E+01 1.27E+02 1.78E+02 2.17E+02 2.41E+02 2.51E+02 2.48E+02 2.34E+02 2.11E+02 1.84E+02 1.54E+02 1.25E+02 9.82E+01 7.47E+01 5.51E+01 3.94E+01 2.74E+01 1.85E+01 1.21E+01 7.71E+00 4.77E+00 2.87E+00 1.68E+00 9.58E-01 5.31E-01 2.86E-01 1.50E-01 7.67E-02 3.81E-02 1.84E-02 
   3.00  0.548  2.68E+03 4.05E+03 4.05E+03 9.94E+01 1.92E+02 2.70E+02 3.30E+02 3.69E+02 3.86E+02 3.83E+02 3.63E+02 3.31E+02 2.90E+02 2.46E+02 2.01E+02 1.60E+02 1.23E+02 9.19E+01 6.67E+01 4.70E+01 3.22E+01 2.14E+01 1.39E+01 8.76E+00 5.38E+00 3.21E+00 1.87E+00 1.06E+00 5.83E-01 3.13E-01 1.64E-01 8.35E-02 4.15E-02 
   3.25  0.489  4.44E+03 7.04E+03 7.04E+03 1.68E+02 3.23E+02 4.57E+02 5.60E+02 6.28E+02 6.60E+02 6.58E+02 6.28E+02 5.76E+02 5.09E+02 4.35E+02 3.59E+02 2.88E+02 2.24E+02 1.69E+02 1.24E+02 8.88E+01 6.17E+01 4.17E+01 2.75E+01 1.76E+01 1.10E+01 6.68E+00 3.96E+00 2.29E+00 1.29E+00 7.05E-01 3.77E-01 1.97E-01 1.00E-01 
   3.50  0.492  7.22E+03 1.11E+04 1.11E+04 2.57E+02 4.97E+02 7.03E+02 8.63E+02 9.71E+02 1.03E+03 1.03E+03 9.85E+02 9.09E+02 8.09E+02 6.96E+02 5.81E+02 4.70E+02 3.69E+02 2.82E+02 2.09E+02 1.51E+02 1.06E+02 7.29E+01 4.87E+01 3.16E+01 2.01E+01 1.24E+01 7.47E+00 4.39E+00 2.52E+00 1.41E+00 7.68E-01 4.09E-01 2.12E-01 
   3.75  0.623  1.13E+04 1.62E+04 1.62E+04 3.64E+02 7.03E+02 9.96E+02 1.23E+03 1.38E+03 1.47E+03 1.48E+03 1.42E+03 1.32E+03 1.18E+03 1.02E+03 8.61E+02 7.02E+02 5.57E+02 4.29E+02 3.22E+02 2.35E+02 1.67E+02 1.16E+02 7.85E+01 5.18E+01 3.33E+01 2.09E+01 1.28E+01 7.63E+00 4.45E+00 2.53E+00 1.41E+00 7.63E-01 4.04E-01 
   4.00  0.633  1.77E+04 2.55E+04 2.55E+04 5.58E+02 1.08E+03 1.53E+03 1.89E+03 2.14E+03 2.27E+03 2.30E+03 2.23E+03 2.08E+03 1.87E+03 1.63E+03 1.38E+03 1.13E+03 9.06E+02 7.05E+02 5.34E+02 3.94E+02 2.83E+02 1.99E+02 1.36E+02 9.08E+01 5.91E+01 3.76E+01 2.33E+01 1.42E+01 8.38E+00 4.85E+00 2.74E+00 1.51E+00 8.14E-01 
   4.25  0.538  2.88E+04 4.46E+04 4.46E+04 9.50E+02 1.84E+03 2.62E+03 3.23E+03 3.67E+03 3.91E+03 3.97E+03 3.86E+03 3.61E+03 3.27E+03 2.87E+03 2.45E+03 2.02E+03 1.63E+03 1.28E+03 9.76E+02 7.27E+02 5.28E+02 3.74E+02 2.59E+02 1.75E+02 1.15E+02 7.42E+01 4.67E+01 2.87E+01 1.72E+01 1.01E+01 5.80E+00 3.25E+00 1.78E+00 
   4.50  0.445  4.95E+04 8.28E+04 8.28E+04 1.72E+03 3.34E+03 4.75E+03 5.89E+03 6.69E+03 7.15E+03 7.28E+03 7.11E+03 6.69E+03 6.09E+03 5.37E+03 4.60E+03 3.83E+03 3.11E+03 2.45E+03 1.89E+03 1.42E+03 1.04E+03 7.45E+02 5.20E+02 3.55E+02 2.37E+02 1.54E+02 9.83E+01 6.12E+01 3.72E+01 2.21E+01 1.29E+01 7.33E+00 4.08E+00 
   4.75  3.571  7.45E+04 9.98E+04 9.98E+04 2.03E+03 3.93E+03 5.60E+03 6.95E+03 7.92E+03 8.49E+03 8.67E+03 8.49E+03 8.03E+03 7.34E+03 6.51E+03 5.60E+03 4.70E+03 3.83E+03 3.05E+03 2.37E+03 1.79E+03 1.32E+03 9.56E+02 6.74E+02 4.65E+02 3.13E+02 2.06E+02 1.33E+02 8.37E+01 5.16E+01 3.11E+01 1.83E+01 1.06E+01 5.97E+00 
   5.00  3.437  1.19E+05 1.80E+05 1.80E+05 3.57E+03 6.93E+03 9.89E+03 1.23E+04 1.40E+04 1.51E+04 1.54E+04 1.52E+04 1.44E+04 1.32E+04 1.18E+04 1.02E+04 8.59E+03 7.06E+03 5.65E+03 4.42E+03 3.37E+03 2.51E+03 1.83E+03 1.30E+03 9.04E+02 6.15E+02 4.09E+02 2.66E+02 1.70E+02 1.06E+02 6.45E+01 3.85E+01 2.25E+01 1.29E+01 
   5.50  0.461  3.49E+05 4.59E+05 4.59E+05 8.76E+03 1.70E+04 2.43E+04 3.03E+04 3.48E+04 3.75E+04 3.86E+04 3.82E+04 3.65E+04 3.38E+04 3.03E+04 2.65E+04 2.26E+04 1.87E+04 1.52E+04 1.20E+04 9.29E+03 7.02E+03 5.19E+03 3.75E+03 2.65E+03 1.84E+03 1.25E+03 8.26E+02 5.37E+02 3.42E+02 2.13E+02 1.30E+02 7.77E+01 4.56E+01 
   6.00  0.534  9.32E+05 1.17E+06 1.17E+06 2.14E+04 4.17E+04 5.97E+04 7.46E+04 8.58E+04 9.30E+04 9.62E+04 9.56E+04 9.19E+04 8.56E+04 7.75E+04 6.83E+04 5.87E+04 4.92E+04 4.03E+04 3.23E+04 2.52E+04 1.93E+04 1.45E+04 1.06E+04 7.62E+03 5.36E+03 3.69E+03 2.49E+03 1.65E+03 1.07E+03 6.78E+02 4.22E+02 2.58E+02 1.54E+02 
   6.50  0.534  2.43E+06 2.99E+06 2.99E+06 5.30E+04 1.03E+05 1.48E+05 1.85E+05 2.14E+05 2.32E+05 2.41E+05 2.41E+05 2.33E+05 2.18E+05 1.99E+05 1.77E+05 1.53E+05 1.30E+05 1.07E+05 8.66E+04 6.85E+04 5.30E+04 4.02E+04 2.98E+04 2.17E+04 1.55E+04 1.08E+04 7.41E+03 4.98E+03 3.28E+03 2.12E+03 1.34E+03 8.36E+02 5.10E+02 
   7.00  0.534  6.24E+06 7.64E+06 7.64E+06 1.31E+05 2.55E+05 3.67E+05 4.60E+05 5.32E+05 5.81E+05 6.05E+05 6.08E+05 5.90E+05 5.56E+05 5.10E+05 4.56E+05 3.98E+05 3.39E+05 2.83E+05 2.31E+05 1.84E+05 1.44E+05 1.10E+05 8.29E+04 6.10E+04 4.41E+04 3.12E+04 2.17E+04 1.48E+04 9.88E+03 6.48E+03 4.18E+03 2.64E+03 1.64E+03 
   7.50  0.534  1.60E+07 1.95E+07 1.95E+07 3.24E+05 6.33E+05 9.10E+05 1.14E+06 1.33E+06 1.45E+06 1.52E+06 1.53E+06 1.49E+06 1.41E+06 1.30E+06 1.17E+06 1.03E+06 8.84E+05 7.42E+05 6.10E+05 4.92E+05 3.88E+05 3.00E+05 2.28E+05 1.70E+05 1.24E+05 8.88E+04 6.24E+04 4.31E+04 2.92E+04 1.94E+04 1.27E+04 8.16E+03 5.14E+03 
   8.00  0.534  4.08E+07 4.97E+07 4.97E+07 8.03E+05 1.57E+06 2.26E+06 2.84E+06 3.30E+06 3.62E+06 3.80E+06 3.84E+06 3.76E+06 3.58E+06 3.32E+06 3.00E+06 2.65E+06 2.29E+06 1.94E+06 1.61E+06 1.30E+06 1.04E+06 8.11E+05 6.21E+05 4.67E+05 3.45E+05 2.50E+05 1.78E+05 1.24E+05 8.51E+04 5.74E+04 3.80E+04 2.47E+04 1.58E+04 
   8.50  0.534  1.04E+08 1.26E+08 1.26E+08 1.99E+06 3.88E+06 5.60E+06 7.06E+06 8.22E+06 9.04E+06 9.51E+06 9.65E+06 9.49E+06 9.07E+06 8.45E+06 7.68E+06 6.82E+06 5.93E+06 5.05E+06 4.21E+06 3.44E+06 2.76E+06 2.18E+06 1.68E+06 1.27E+06 9.50E+05 6.95E+05 4.99E+05 3.53E+05 2.45E+05 1.67E+05 1.12E+05 7.38E+04 4.78E+04 
   9.00  0.534  2.65E+08 3.21E+08 3.21E+08 4.93E+06 9.63E+06 1.39E+07 1.75E+07 2.05E+07 2.26E+07 2.38E+07 2.42E+07 2.39E+07 2.29E+07 2.14E+07 1.96E+07 1.75E+07 1.53E+07 1.31E+07 1.10E+07 9.05E+06 7.31E+06 5.80E+06 4.52E+06 3.45E+06 2.60E+06 1.92E+06 1.39E+06 9.92E+05 6.96E+05 4.80E+05 3.25E+05 2.17E+05 1.42E+05 
   9.50  0.534  6.76E+08 8.23E+08 8.23E+08 1.23E+07 2.41E+07 3.48E+07 4.40E+07 5.13E+07 5.67E+07 6.00E+07 6.12E+07 6.06E+07 5.84E+07 5.48E+07 5.03E+07 4.51E+07 3.96E+07 3.41E+07 2.88E+07 2.39E+07 1.94E+07 1.55E+07 1.22E+07 9.38E+06 7.10E+06 5.29E+06 3.87E+06 2.79E+06 1.97E+06 1.38E+06 9.42E+05 6.35E+05 4.21E+05 
  10.00  0.534  1.73E+09 2.10E+09 2.10E+09 3.07E+07 6.01E+07 8.69E+07 1.10E+08 1.29E+08 1.42E+08 1.51E+08 1.55E+08 1.53E+08 1.48E+08 1.40E+08 1.29E+08 1.16E+08 1.02E+08 8.86E+07 7.52E+07 6.27E+07 5.13E+07 4.12E+07 3.26E+07 2.53E+07 1.93E+07 1.45E+07 1.07E+07 7.77E+06 5.55E+06 3.90E+06 2.70E+06 1.84E+06 1.23E+06 
  11.00  0.534  1.54E+10 1.37E+10 1.37E+10 1.91E+08 3.75E+08 5.42E+08 6.88E+08 8.08E+08 8.97E+08 9.55E+08 9.82E+08 9.80E+08 9.52E+08 9.04E+08 8.38E+08 7.61E+08 6.78E+08 5.92E+08 5.08E+08 4.28E+08 3.54E+08 2.88E+08 2.30E+08 1.81E+08 1.40E+08 1.07E+08 7.99E+07 5.89E+07 4.28E+07 3.06E+07 2.15E+07 1.49E+07 1.02E+07 
  12.00  0.534  1.04E+11 8.85E+10 8.85E+10 1.19E+09 2.33E+09 3.38E+09 4.30E+09 5.05E+09 5.63E+09 6.02E+09 6.21E+09 6.23E+09 6.09E+09 5.81E+09 5.42E+09 4.96E+09 4.45E+09 3.92E+09 3.39E+09 2.88E+09 2.41E+09 1.98E+09 1.60E+09 1.27E+09 9.96E+08 7.68E+08 5.83E+08 4.36E+08 3.21E+08 2.33E+08 1.66E+08 1.17E+08 8.14E+07 
  13.00  0.534  6.83E+11 5.79E+11 5.79E+11 7.50E+09 1.47E+10 2.13E+10 2.72E+10 3.21E+10 3.58E+10 3.84E+10 3.98E+10 4.01E+10 3.93E+10 3.77E+10 3.54E+10 3.26E+10 2.94E+10 2.61E+10 2.28E+10 1.95E+10 1.64E+10 1.36E+10 1.11E+10 8.94E+09 7.08E+09 5.52E+09 4.24E+09 3.21E+09 2.39E+09 1.76E+09 1.27E+09 9.10E+08 6.41E+08 
  14.00  0.534  4.45E+12 3.76E+12 3.76E+12 4.71E+10 9.25E+10 1.34E+11 1.71E+11 2.03E+11 2.27E+11 2.44E+11 2.53E+11 2.56E+11 2.53E+11 2.43E+11 2.30E+11 2.13E+11 1.93E+11 1.72E+11 1.51E+11 1.31E+11 1.11E+11 9.28E+10 7.64E+10 6.20E+10 4.95E+10 3.90E+10 3.03E+10 2.32E+10 1.75E+10 1.30E+10 9.53E+09 6.89E+09 4.92E+09 
  15.00  0.534  2.88E+13 2.44E+13 2.44E+13 2.95E+11 5.80E+11 8.43E+11 1.08E+12 1.27E+12 1.43E+12 1.54E+12 1.61E+12 1.63E+12 1.61E+12 1.56E+12 1.48E+12 1.38E+12 1.26E+12 1.13E+12 9.98E+11 8.67E+11 7.42E+11 6.25E+11 5.18E+11 4.24E+11 3.42E+11 2.72E+11 2.13E+11 1.64E+11 1.25E+11 9.42E+10 6.99E+10 5.11E+10 3.69E+10 
  16.00  0.534  1.88E+14 1.59E+14 1.59E+14 1.87E+12 3.68E+12 5.36E+12 6.86E+12 8.13E+12 9.14E+12 9.87E+12 1.03E+13 1.05E+13 1.04E+13 1.01E+13 9.65E+12 9.02E+12 8.28E+12 7.47E+12 6.64E+12 5.80E+12 4.99E+12 4.24E+12 3.54E+12 2.92E+12 2.37E+12 1.90E+12 1.50E+12 1.17E+12 9.00E+11 6.83E+11 5.12E+11 3.78E+11 2.76E+11 
  17.00  0.534  1.22E+15 1.04E+15 1.04E+15 1.18E+13 2.33E+13 3.39E+13 4.35E+13 5.16E+13 5.81E+13 6.29E+13 6.60E+13 6.73E+13 6.71E+13 6.54E+13 6.25E+13 5.86E+13 5.41E+13 4.90E+13 4.38E+13 3.85E+13 3.33E+13 2.84E+13 2.39E+13 1.98E+13 1.62E+13 1.31E+13 1.04E+13 8.21E+12 6.37E+12 4.87E+12 3.69E+12 2.75E+12 2.03E+12 
  18.00  0.534  7.93E+15 6.71E+15 6.71E+15 7.46E+13 1.47E+14 2.14E+14 2.74E+14 3.26E+14 3.68E+14 3.99E+14 4.20E+14 4.29E+14 4.29E+14 4.19E+14 4.02E+14 3.79E+14 3.51E+14 3.20E+14 2.87E+14 2.53E+14 2.20E+14 1.89E+14 1.60E+14 1.34E+14 1.10E+14 8.95E+13 7.18E+13 5.69E+13 4.45E+13 3.43E+13 2.62E+13 1.97E+13 1.47E+13 
  19.00  0.534  5.18E+16 4.39E+16 4.39E+16 4.76E+14 9.36E+14 1.37E+15 1.75E+15 2.09E+15 2.36E+15 2.56E+15 2.70E+15 2.77E+15 2.77E+15 2.72E+15 2.62E+15 2.48E+15 2.30E+15 2.10E+15 1.90E+15 1.68E+15 1.47E+15 1.27E+15 1.08E+15 9.08E+14 7.52E+14 6.15E+14 4.97E+14 3.96E+14 3.12E+14 2.43E+14 1.87E+14 1.42E+14 1.06E+14 
  20.00  0.534  3.37E+17 2.85E+17 2.85E+17 3.02E+15 5.95E+15 8.68E+15 1.12E+16 1.33E+16 1.50E+16 1.64E+16 1.73E+16 1.78E+16 1.78E+16 1.75E+16 1.69E+16 1.61E+16 1.50E+16 1.38E+16 1.24E+16 1.11E+16 9.75E+15 8.45E+15 7.23E+15 6.10E+15 5.09E+15 4.19E+15 3.40E+15 2.73E+15 2.16E+15 1.70E+15 1.31E+15 1.00E+15 7.59E+14 
  22.50  0.534  7.74E+19 3.08E+19 3.08E+19 3.09E+17 6.08E+17 8.89E+17 1.14E+18 1.37E+18 1.55E+18 1.70E+18 1.80E+18 1.86E+18 1.88E+18 1.86E+18 1.80E+18 1.72E+18 1.62E+18 1.50E+18 1.37E+18 1.23E+18 1.09E+18 9.59E+17 8.30E+17 7.09E+17 5.98E+17 4.99E+17 4.11E+17 3.34E+17 2.69E+17 2.14E+17 1.68E+17 1.31E+17 1.01E+17 
  25.00  0.534  8.39E+21 3.33E+21 3.33E+21 3.17E+19 6.24E+19 9.14E+19 1.18E+20 1.41E+20 1.61E+20 1.76E+20 1.87E+20 1.94E+20 1.97E+20 1.96E+20 1.92E+20 1.84E+20 1.74E+20 1.63E+20 1.50E+20 1.36E+20 1.22E+20 1.08E+20 9.39E+19 8.11E+19 6.92E+19 5.83E+19 4.86E+19 4.00E+19 3.26E+19 2.63E+19 2.10E+19 1.65E+19 1.29E+19 
  30.00  0.534  1.93E+26 3.85E+25 3.85E+25 3.36E+23 6.64E+23 9.74E+23 1.26E+24 1.51E+24 1.73E+24 1.91E+24 2.04E+24 2.13E+24 2.18E+24 2.19E+24 2.16E+24 2.09E+24 2.00E+24 1.89E+24 1.76E+24 1.62E+24 1.47E+24 1.32E+24 1.17E+24 1.03E+24 8.91E+23 7.65E+23 6.50E+23 5.46E+23 4.54E+23 3.74E+23 3.05E+23 2.46E+23 1.96E+23 
