#    bin    Ex    Popul.    J= 0.5-   J= 0.5+   J= 1.5-   J= 1.5+   J= 2.5-   J= 2.5+   J= 3.5-   J= 3.5+   J= 4.5-   J= 4.5+   J= 5.5-   J= 5.5+   J= 6.5-   J= 6.5+   J= 7.5-   J= 7.5+   J= 8.5-   J= 8.5+   J= 9.5-   J= 9.5+   J=10.5-   J=10.5+   J=11.5-   J=11.5+   J=12.5-   J=12.5+   J=13.5-   J=13.5+   J=14.5-   J=14.5+   J=15.5-   J=15.5+   J=16.5-   J=16.5+   J=17.5-   J=17.5+   J=18.5-   J=18.5+   J=19.5-   J=19.5+   J=20.5-   J=20.5+
#
   0   0.000 1.530E-08 0.000E+00 0.000E+00 0.000E+00 0.000E+00 0.000E+00 1.530E-08 0.000E+00 0.000E+00 0.000E+00 0.000E+00 0.000E+00 0.000E+00 0.000E+00 0.000E+00 0.000E+00 0.000E+00 0.000E+00 0.000E+00 0.000E+00 0.000E+00 0.000E+00 0.000E+00 0.000E+00 0.000E+00 0.000E+00 0.000E+00 0.000E+00 0.000E+00 0.000E+00 0.000E+00 0.000E+00 0.000E+00 0.000E+00 0.000E+00 0.000E+00 0.000E+00 0.000E+00 0.000E+00 0.000E+00 0.000E+00 0.000E+00 0.000E+00
   1   0.134 1.672E-08 0.000E+00 0.000E+00 0.000E+00 0.000E+00 0.000E+00 0.000E+00 0.000E+00 1.672E-08 0.000E+00 0.000E+00 0.000E+00 0.000E+00 0.000E+00 0.000E+00 0.000E+00 0.000E+00 0.000E+00 0.000E+00 0.000E+00 0.000E+00 0.000E+00 0.000E+00 0.000E+00 0.000E+00 0.000E+00 0.000E+00 0.000E+00 0.000E+00 0.000E+00 0.000E+00 0.000E+00 0.000E+00 0.000E+00 0.000E+00 0.000E+00 0.000E+00 0.000E+00 0.000E+00 0.000E+00 0.000E+00 0.000E+00 0.000E+00
   2   0.206 1.763E-08 0.000E+00 0.000E+00 0.000E+00 0.000E+00 0.000E+00 0.000E+00 0.000E+00 0.000E+00 1.763E-08 0.000E+00 0.000E+00 0.000E+00 0.000E+00 0.000E+00 0.000E+00 0.000E+00 0.000E+00 0.000E+00 0.000E+00 0.000E+00 0.000E+00 0.000E+00 0.000E+00 0.000E+00 0.000E+00 0.000E+00 0.000E+00 0.000E+00 0.000E+00 0.000E+00 0.000E+00 0.000E+00 0.000E+00 0.000E+00 0.000E+00 0.000E+00 0.000E+00 0.000E+00 0.000E+00 0.000E+00 0.000E+00 0.000E+00
   3   0.303 1.646E-08 0.000E+00 0.000E+00 0.000E+00 0.000E+00 0.000E+00 0.000E+00 0.000E+00 0.000E+00 0.000E+00 1.646E-08 0.000E+00 0.000E+00 0.000E+00 0.000E+00 0.000E+00 0.000E+00 0.000E+00 0.000E+00 0.000E+00 0.000E+00 0.000E+00 0.000E+00 0.000E+00 0.000E+00 0.000E+00 0.000E+00 0.000E+00 0.000E+00 0.000E+00 0.000E+00 0.000E+00 0.000E+00 0.000E+00 0.000E+00 0.000E+00 0.000E+00 0.000E+00 0.000E+00 0.000E+00 0.000E+00 0.000E+00 0.000E+00
   4   0.389 1.679E-08 0.000E+00 0.000E+00 0.000E+00 0.000E+00 0.000E+00 0.000E+00 0.000E+00 0.000E+00 0.000E+00 0.000E+00 1.679E-08 0.000E+00 0.000E+00 0.000E+00 0.000E+00 0.000E+00 0.000E+00 0.000E+00 0.000E+00 0.000E+00 0.000E+00 0.000E+00 0.000E+00 0.000E+00 0.000E+00 0.000E+00 0.000E+00 0.000E+00 0.000E+00 0.000E+00 0.000E+00 0.000E+00 0.000E+00 0.000E+00 0.000E+00 0.000E+00 0.000E+00 0.000E+00 0.000E+00 0.000E+00 0.000E+00 0.000E+00
   5   0.509 1.589E-08 0.000E+00 0.000E+00 0.000E+00 0.000E+00 0.000E+00 0.000E+00 0.000E+00 0.000E+00 0.000E+00 0.000E+00 0.000E+00 1.589E-08 0.000E+00 0.000E+00 0.000E+00 0.000E+00 0.000E+00 0.000E+00 0.000E+00 0.000E+00 0.000E+00 0.000E+00 0.000E+00 0.000E+00 0.000E+00 0.000E+00 0.000E+00 0.000E+00 0.000E+00 0.000E+00 0.000E+00 0.000E+00 0.000E+00 0.000E+00 0.000E+00 0.000E+00 0.000E+00 0.000E+00 0.000E+00 0.000E+00 0.000E+00 0.000E+00
   6   0.512 4.795E-09 0.000E+00 4.795E-09 0.000E+00 0.000E+00 0.000E+00 0.000E+00 0.000E+00 0.000E+00 0.000E+00 0.000E+00 0.000E+00 0.000E+00 0.000E+00 0.000E+00 0.000E+00 0.000E+00 0.000E+00 0.000E+00 0.000E+00 0.000E+00 0.000E+00 0.000E+00 0.000E+00 0.000E+00 0.000E+00 0.000E+00 0.000E+00 0.000E+00 0.000E+00 0.000E+00 0.000E+00 0.000E+00 0.000E+00 0.000E+00 0.000E+00 0.000E+00 0.000E+00 0.000E+00 0.000E+00 0.000E+00 0.000E+00 0.000E+00
   7   0.582 1.074E-08 0.000E+00 0.000E+00 0.000E+00 0.000E+00 0.000E+00 1.074E-08 0.000E+00 0.000E+00 0.000E+00 0.000E+00 0.000E+00 0.000E+00 0.000E+00 0.000E+00 0.000E+00 0.000E+00 0.000E+00 0.000E+00 0.000E+00 0.000E+00 0.000E+00 0.000E+00 0.000E+00 0.000E+00 0.000E+00 0.000E+00 0.000E+00 0.000E+00 0.000E+00 0.000E+00 0.000E+00 0.000E+00 0.000E+00 0.000E+00 0.000E+00 0.000E+00 0.000E+00 0.000E+00 0.000E+00 0.000E+00 0.000E+00 0.000E+00
   8   0.589 2.810E-05 0.000E+00 0.000E+00 0.000E+00 2.810E-05 0.000E+00 0.000E+00 0.000E+00 0.000E+00 0.000E+00 0.000E+00 0.000E+00 0.000E+00 0.000E+00 0.000E+00 0.000E+00 0.000E+00 0.000E+00 0.000E+00 0.000E+00 0.000E+00 0.000E+00 0.000E+00 0.000E+00 0.000E+00 0.000E+00 0.000E+00 0.000E+00 0.000E+00 0.000E+00 0.000E+00 0.000E+00 0.000E+00 0.000E+00 0.000E+00 0.000E+00 0.000E+00 0.000E+00 0.000E+00 0.000E+00 0.000E+00 0.000E+00 0.000E+00
   9   0.603 7.646E-05 0.000E+00 0.000E+00 0.000E+00 0.000E+00 0.000E+00 0.000E+00 0.000E+00 0.000E+00 0.000E+00 0.000E+00 0.000E+00 0.000E+00 7.646E-05 0.000E+00 0.000E+00 0.000E+00 0.000E+00 0.000E+00 0.000E+00 0.000E+00 0.000E+00 0.000E+00 0.000E+00 0.000E+00 0.000E+00 0.000E+00 0.000E+00 0.000E+00 0.000E+00 0.000E+00 0.000E+00 0.000E+00 0.000E+00 0.000E+00 0.000E+00 0.000E+00 0.000E+00 0.000E+00 0.000E+00 0.000E+00 0.000E+00 0.000E+00
  10   0.618 5.766E-05 0.000E+00 0.000E+00 0.000E+00 5.766E-05 0.000E+00 0.000E+00 0.000E+00 0.000E+00 0.000E+00 0.000E+00 0.000E+00 0.000E+00 0.000E+00 0.000E+00 0.000E+00 0.000E+00 0.000E+00 0.000E+00 0.000E+00 0.000E+00 0.000E+00 0.000E+00 0.000E+00 0.000E+00 0.000E+00 0.000E+00 0.000E+00 0.000E+00 0.000E+00 0.000E+00 0.000E+00 0.000E+00 0.000E+00 0.000E+00 0.000E+00 0.000E+00 0.000E+00 0.000E+00 0.000E+00 0.000E+00 0.000E+00 0.000E+00
  11   0.626 7.556E-05 0.000E+00 7.556E-05 0.000E+00 0.000E+00 0.000E+00 0.000E+00 0.000E+00 0.000E+00 0.000E+00 0.000E+00 0.000E+00 0.000E+00 0.000E+00 0.000E+00 0.000E+00 0.000E+00 0.000E+00 0.000E+00 0.000E+00 0.000E+00 0.000E+00 0.000E+00 0.000E+00 0.000E+00 0.000E+00 0.000E+00 0.000E+00 0.000E+00 0.000E+00 0.000E+00 0.000E+00 0.000E+00 0.000E+00 0.000E+00 0.000E+00 0.000E+00 0.000E+00 0.000E+00 0.000E+00 0.000E+00 0.000E+00 0.000E+00
  12   0.647 1.577E-04 0.000E+00 0.000E+00 0.000E+00 0.000E+00 0.000E+00 1.577E-04 0.000E+00 0.000E+00 0.000E+00 0.000E+00 0.000E+00 0.000E+00 0.000E+00 0.000E+00 0.000E+00 0.000E+00 0.000E+00 0.000E+00 0.000E+00 0.000E+00 0.000E+00 0.000E+00 0.000E+00 0.000E+00 0.000E+00 0.000E+00 0.000E+00 0.000E+00 0.000E+00 0.000E+00 0.000E+00 0.000E+00 0.000E+00 0.000E+00 0.000E+00 0.000E+00 0.000E+00 0.000E+00 0.000E+00 0.000E+00 0.000E+00 0.000E+00
  13   0.686 1.869E-04 0.000E+00 0.000E+00 0.000E+00 0.000E+00 1.869E-04 0.000E+00 0.000E+00 0.000E+00 0.000E+00 0.000E+00 0.000E+00 0.000E+00 0.000E+00 0.000E+00 0.000E+00 0.000E+00 0.000E+00 0.000E+00 0.000E+00 0.000E+00 0.000E+00 0.000E+00 0.000E+00 0.000E+00 0.000E+00 0.000E+00 0.000E+00 0.000E+00 0.000E+00 0.000E+00 0.000E+00 0.000E+00 0.000E+00 0.000E+00 0.000E+00 0.000E+00 0.000E+00 0.000E+00 0.000E+00 0.000E+00 0.000E+00 0.000E+00
  14   0.719 1.544E-04 0.000E+00 0.000E+00 0.000E+00 0.000E+00 1.544E-04 0.000E+00 0.000E+00 0.000E+00 0.000E+00 0.000E+00 0.000E+00 0.000E+00 0.000E+00 0.000E+00 0.000E+00 0.000E+00 0.000E+00 0.000E+00 0.000E+00 0.000E+00 0.000E+00 0.000E+00 0.000E+00 0.000E+00 0.000E+00 0.000E+00 0.000E+00 0.000E+00 0.000E+00 0.000E+00 0.000E+00 0.000E+00 0.000E+00 0.000E+00 0.000E+00 0.000E+00 0.000E+00 0.000E+00 0.000E+00 0.000E+00 0.000E+00 0.000E+00
  15   0.745 1.284E-04 0.000E+00 0.000E+00 0.000E+00 0.000E+00 0.000E+00 0.000E+00 0.000E+00 0.000E+00 0.000E+00 0.000E+00 0.000E+00 0.000E+00 0.000E+00 1.284E-04 0.000E+00 0.000E+00 0.000E+00 0.000E+00 0.000E+00 0.000E+00 0.000E+00 0.000E+00 0.000E+00 0.000E+00 0.000E+00 0.000E+00 0.000E+00 0.000E+00 0.000E+00 0.000E+00 0.000E+00 0.000E+00 0.000E+00 0.000E+00 0.000E+00 0.000E+00 0.000E+00 0.000E+00 0.000E+00 0.000E+00 0.000E+00 0.000E+00
  16   0.768 7.334E-05 0.000E+00 0.000E+00 0.000E+00 0.000E+00 0.000E+00 0.000E+00 0.000E+00 7.334E-05 0.000E+00 0.000E+00 0.000E+00 0.000E+00 0.000E+00 0.000E+00 0.000E+00 0.000E+00 0.000E+00 0.000E+00 0.000E+00 0.000E+00 0.000E+00 0.000E+00 0.000E+00 0.000E+00 0.000E+00 0.000E+00 0.000E+00 0.000E+00 0.000E+00 0.000E+00 0.000E+00 0.000E+00 0.000E+00 0.000E+00 0.000E+00 0.000E+00 0.000E+00 0.000E+00 0.000E+00 0.000E+00 0.000E+00 0.000E+00
  17   0.773 6.490E-05 0.000E+00 0.000E+00 0.000E+00 6.490E-05 0.000E+00 0.000E+00 0.000E+00 0.000E+00 0.000E+00 0.000E+00 0.000E+00 0.000E+00 0.000E+00 0.000E+00 0.000E+00 0.000E+00 0.000E+00 0.000E+00 0.000E+00 0.000E+00 0.000E+00 0.000E+00 0.000E+00 0.000E+00 0.000E+00 0.000E+00 0.000E+00 0.000E+00 0.000E+00 0.000E+00 0.000E+00 0.000E+00 0.000E+00 0.000E+00 0.000E+00 0.000E+00 0.000E+00 0.000E+00 0.000E+00 0.000E+00 0.000E+00 0.000E+00
  18   0.793 1.143E-04 0.000E+00 0.000E+00 0.000E+00 0.000E+00 0.000E+00 0.000E+00 0.000E+00 0.000E+00 0.000E+00 0.000E+00 0.000E+00 0.000E+00 0.000E+00 1.143E-04 0.000E+00 0.000E+00 0.000E+00 0.000E+00 0.000E+00 0.000E+00 0.000E+00 0.000E+00 0.000E+00 0.000E+00 0.000E+00 0.000E+00 0.000E+00 0.000E+00 0.000E+00 0.000E+00 0.000E+00 0.000E+00 0.000E+00 0.000E+00 0.000E+00 0.000E+00 0.000E+00 0.000E+00 0.000E+00 0.000E+00 0.000E+00 0.000E+00
  19   0.817 7.666E-05 0.000E+00 0.000E+00 0.000E+00 0.000E+00 0.000E+00 7.666E-05 0.000E+00 0.000E+00 0.000E+00 0.000E+00 0.000E+00 0.000E+00 0.000E+00 0.000E+00 0.000E+00 0.000E+00 0.000E+00 0.000E+00 0.000E+00 0.000E+00 0.000E+00 0.000E+00 0.000E+00 0.000E+00 0.000E+00 0.000E+00 0.000E+00 0.000E+00 0.000E+00 0.000E+00 0.000E+00 0.000E+00 0.000E+00 0.000E+00 0.000E+00 0.000E+00 0.000E+00 0.000E+00 0.000E+00 0.000E+00 0.000E+00 0.000E+00
  20   0.822 1.403E-05 0.000E+00 0.000E+00 0.000E+00 0.000E+00 0.000E+00 0.000E+00 0.000E+00 1.403E-05 0.000E+00 0.000E+00 0.000E+00 0.000E+00 0.000E+00 0.000E+00 0.000E+00 0.000E+00 0.000E+00 0.000E+00 0.000E+00 0.000E+00 0.000E+00 0.000E+00 0.000E+00 0.000E+00 0.000E+00 0.000E+00 0.000E+00 0.000E+00 0.000E+00 0.000E+00 0.000E+00 0.000E+00 0.000E+00 0.000E+00 0.000E+00 0.000E+00 0.000E+00 0.000E+00 0.000E+00 0.000E+00 0.000E+00 0.000E+00
  21   0.841 1.023E-04 2.442E-06 2.441E-06 6.650E-06 6.650E-06 9.137E-06 9.136E-06 9.573E-06 9.573E-06 8.363E-06 8.363E-06 6.306E-06 6.306E-06 4.174E-06 4.174E-06 2.449E-06 2.449E-06 1.282E-06 1.282E-06 6.003E-07 6.003E-07 2.525E-07 2.525E-07 9.555E-08 9.555E-08 3.258E-08 3.258E-08 1.002E-08 1.002E-08 2.784E-09 2.784E-09 6.987E-10 6.987E-10 1.585E-10 1.585E-10 3.254E-11 3.254E-11 6.045E-12 6.045E-12 1.016E-12 1.016E-12 1.548E-13 1.548E-13
  22   0.882 1.243E-04 2.893E-06 2.893E-06 7.900E-06 7.900E-06 1.091E-05 1.091E-05 1.151E-05 1.151E-05 1.015E-05 1.015E-05 7.750E-06 7.750E-06 5.205E-06 5.205E-06 3.106E-06 3.106E-06 1.657E-06 1.657E-06 7.934E-07 7.934E-07 3.419E-07 3.419E-07 1.329E-07 1.329E-07 4.665E-08 4.665E-08 1.481E-08 1.481E-08 4.256E-09 4.256E-09 1.108E-09 1.108E-09 2.613E-10 2.613E-10 5.589E-11 5.589E-11 1.084E-11 1.084E-11 1.909E-12 1.909E-12 3.052E-13 3.052E-13
  23   0.923 1.491E-04 3.381E-06 3.381E-06 9.255E-06 9.255E-06 1.284E-05 1.284E-05 1.365E-05 1.365E-05 1.216E-05 1.216E-05 9.390E-06 9.390E-06 6.399E-06 6.399E-06 3.884E-06 3.884E-06 2.112E-06 2.112E-06 1.033E-06 1.033E-06 4.563E-07 4.563E-07 1.821E-07 1.821E-07 6.581E-08 6.581E-08 2.156E-08 2.156E-08 6.407E-09 6.407E-09 1.729E-09 1.729E-09 4.239E-10 4.239E-10 9.447E-11 9.447E-11 1.914E-11 1.914E-11 3.529E-12 3.529E-12 5.920E-13 5.920E-13
  24   0.967 1.768E-04 3.907E-06 3.907E-06 1.072E-05 1.072E-05 1.494E-05 1.494E-05 1.600E-05 1.600E-05 1.439E-05 1.439E-05 1.125E-05 1.125E-05 7.776E-06 7.776E-06 4.800E-06 4.800E-06 2.661E-06 2.661E-06 1.331E-06 1.331E-06 6.016E-07 6.016E-07 2.465E-07 2.465E-07 9.168E-08 9.168E-08 3.098E-08 3.098E-08 9.524E-09 9.524E-09 2.664E-09 2.664E-09 6.787E-10 6.787E-10 1.576E-10 1.576E-10 3.334E-11 3.334E-11 6.432E-12 6.432E-12 1.132E-12 1.132E-12
  25   1.013 2.079E-04 4.473E-06 4.473E-06 1.230E-05 1.230E-05 1.723E-05 1.723E-05 1.858E-05 1.858E-05 1.687E-05 1.687E-05 1.335E-05 1.335E-05 9.358E-06 9.358E-06 5.873E-06 5.873E-06 3.319E-06 3.319E-06 1.695E-06 1.695E-06 7.851E-07 7.851E-07 3.302E-07 3.302E-07 1.264E-07 1.264E-07 4.406E-08 4.406E-08 1.400E-08 1.400E-08 4.059E-09 4.059E-09 1.074E-09 1.074E-09 2.597E-10 2.597E-10 5.735E-11 5.735E-11 1.158E-11 1.158E-11 2.137E-12 2.137E-12
  26   1.062 2.427E-04 5.081E-06 5.081E-06 1.401E-05 1.401E-05 1.971E-05 1.971E-05 2.141E-05 2.141E-05 1.962E-05 1.962E-05 1.571E-05 1.571E-05 1.117E-05 1.117E-05 7.128E-06 7.128E-06 4.105E-06 4.105E-06 2.142E-06 2.142E-06 1.015E-06 1.015E-06 4.384E-07 4.384E-07 1.726E-07 1.726E-07 6.204E-08 6.204E-08 2.038E-08 2.038E-08 6.121E-09 6.121E-09 1.683E-09 1.683E-09 4.234E-10 4.234E-10 9.756E-11 9.756E-11 2.060E-11 2.060E-11 3.986E-12 3.986E-12
  27   1.112 2.959E-04 6.025E-06 6.025E-06 1.665E-05 1.665E-05 2.354E-05 2.354E-05 2.574E-05 2.574E-05 2.382E-05 2.382E-05 1.929E-05 1.929E-05 1.391E-05 1.391E-05 9.025E-06 9.025E-06 5.296E-06 5.296E-06 2.822E-06 2.822E-06 1.370E-06 1.370E-06 6.068E-07 6.068E-07 2.457E-07 2.457E-07 9.105E-08 9.105E-08 3.090E-08 3.090E-08 9.614E-09 9.614E-09 2.743E-09 2.743E-09 7.183E-10 7.183E-10 1.727E-10 1.727E-10 3.811E-11 3.811E-11 7.728E-12 7.728E-12
  28   1.165 3.725E-04 7.374E-06 7.374E-06 2.042E-05 2.042E-05 2.901E-05 2.901E-05 3.195E-05 3.195E-05 2.983E-05 2.983E-05 2.444E-05 2.444E-05 1.788E-05 1.788E-05 1.179E-05 1.179E-05 7.045E-06 7.045E-06 3.833E-06 3.833E-06 1.904E-06 1.904E-06 8.653E-07 8.653E-07 3.603E-07 3.603E-07 1.376E-07 1.376E-07 4.824E-08 4.824E-08 1.554E-08 1.554E-08 4.601E-09 4.601E-09 1.253E-09 1.253E-09 3.141E-10 3.141E-10 7.244E-11 7.244E-11 1.539E-11 1.539E-11
  29   1.220 4.607E-04 8.860E-06 8.860E-06 2.459E-05 2.459E-05 3.509E-05 3.509E-05 3.892E-05 3.892E-05 3.667E-05 3.667E-05 3.040E-05 3.040E-05 2.254E-05 2.254E-05 1.510E-05 1.510E-05 9.193E-06 9.193E-06 5.107E-06 5.107E-06 2.595E-06 2.595E-06 1.210E-06 1.210E-06 5.176E-07 5.176E-07 2.037E-07 2.037E-07 7.373E-08 7.373E-08 2.458E-08 2.458E-08 7.550E-09 7.550E-09 2.138E-09 2.138E-09 5.584E-10 5.584E-10 1.345E-10 1.345E-10 2.991E-11 2.991E-11
  30   1.278 5.599E-04 1.046E-05 1.046E-05 2.909E-05 2.909E-05 4.170E-05 4.170E-05 4.656E-05 4.656E-05 4.428E-05 4.428E-05 3.712E-05 3.712E-05 2.790E-05 2.790E-05 1.899E-05 1.899E-05 1.177E-05 1.177E-05 6.674E-06 6.674E-06 3.469E-06 3.469E-06 1.658E-06 1.658E-06 7.289E-07 7.289E-07 2.954E-07 2.954E-07 1.104E-07 1.104E-07 3.807E-08 3.807E-08 1.212E-08 1.212E-08 3.568E-09 3.568E-09 9.706E-10 9.706E-10 2.441E-10 2.441E-10 5.680E-11 5.680E-11
  31   1.339 6.714E-04 1.217E-05 1.217E-05 3.394E-05 3.394E-05 4.886E-05 4.886E-05 5.492E-05 5.492E-05 5.270E-05 5.270E-05 4.467E-05 4.467E-05 3.403E-05 3.403E-05 2.353E-05 2.353E-05 1.485E-05 1.485E-05 8.589E-06 8.589E-06 4.567E-06 4.567E-06 2.236E-06 2.236E-06 1.010E-06 1.010E-06 4.213E-07 4.213E-07 1.624E-07 1.624E-07 5.793E-08 5.793E-08 1.912E-08 1.912E-08 5.846E-09 5.846E-09 1.655E-09 1.655E-09 4.344E-10 4.344E-10 1.057E-10 1.057E-10
  32   1.403 7.965E-04 1.401E-05 1.401E-05 3.914E-05 3.914E-05 5.661E-05 5.661E-05 6.405E-05 6.405E-05 6.200E-05 6.200E-05 5.314E-05 5.314E-05 4.102E-05 4.102E-05 2.880E-05 2.880E-05 1.850E-05 1.850E-05 1.091E-05 1.091E-05 5.932E-06 5.932E-06 2.976E-06 2.976E-06 1.380E-06 1.380E-06 5.924E-07 5.924E-07 2.356E-07 2.356E-07 8.684E-08 8.684E-08 2.969E-08 2.969E-08 9.424E-09 9.424E-09 2.777E-09 2.777E-09 7.598E-10 7.598E-10 1.932E-10 1.932E-10
  33   1.470 9.365E-04 1.597E-05 1.597E-05 4.473E-05 4.473E-05 6.497E-05 6.497E-05 7.399E-05 7.399E-05 7.224E-05 7.224E-05 6.259E-05 6.259E-05 4.895E-05 4.895E-05 3.489E-05 3.489E-05 2.281E-05 2.281E-05 1.372E-05 1.372E-05 7.621E-06 7.622E-06 3.916E-06 3.916E-06 1.864E-06 1.864E-06 8.230E-07 8.230E-07 3.373E-07 3.373E-07 1.285E-07 1.285E-07 4.548E-08 4.548E-08 1.498E-08 1.498E-08 4.588E-09 4.588E-09 1.308E-09 1.308E-09 3.474E-10 3.474E-10
  34   1.540 1.093E-03 1.807E-05 1.807E-05 5.071E-05 5.071E-05 7.397E-05 7.397E-05 8.479E-05 8.479E-05 8.350E-05 8.350E-05 7.312E-05 7.312E-05 5.793E-05 5.793E-05 4.191E-05 4.191E-05 2.786E-05 2.786E-05 1.709E-05 1.709E-05 9.697E-06 9.697E-06 5.100E-06 5.100E-06 2.491E-06 2.491E-06 1.131E-06 1.131E-06 4.776E-07 4.776E-07 1.878E-07 1.878E-07 6.879E-08 6.879E-08 2.349E-08 2.349E-08 7.478E-09 7.478E-09 2.221E-09 2.221E-09 6.154E-10 6.154E-10
  35   1.613 1.322E-03 2.118E-05 2.118E-05 5.956E-05 5.956E-05 8.724E-05 8.724E-05 1.006E-04 1.006E-04 9.992E-05 9.992E-05 8.843E-05 8.843E-05 7.094E-05 7.094E-05 5.209E-05 5.209E-05 3.522E-05 3.522E-05 2.201E-05 2.201E-05 1.275E-05 1.275E-05 6.865E-06 6.865E-06 3.438E-06 3.438E-06 1.604E-06 1.604E-06 6.976E-07 6.976E-07 2.831E-07 2.831E-07 1.073E-07 1.073E-07 3.795E-08 3.795E-08 1.255E-08 1.255E-08 3.878E-09 3.878E-09 1.121E-09 1.121E-09
  36   1.690 1.653E-03 2.562E-05 2.562E-05 7.221E-05 7.221E-05 1.062E-04 1.062E-04 1.233E-04 1.233E-04 1.234E-04 1.234E-04 1.104E-04 1.104E-04 8.964E-05 8.964E-05 6.677E-05 6.677E-05 4.590E-05 4.590E-05 2.922E-05 2.922E-05 1.729E-05 1.729E-05 9.518E-06 9.518E-06 4.886E-06 4.886E-06 2.341E-06 2.341E-06 1.048E-06 1.048E-06 4.387E-07 4.387E-07 1.718E-07 1.718E-07 6.295E-08 6.295E-08 2.160E-08 2.160E-08 6.943E-09 6.943E-09 2.091E-09 2.091E-09
  37   1.770 2.041E-03 3.063E-05 3.063E-05 8.651E-05 8.651E-05 1.278E-04 1.278E-04 1.492E-04 1.492E-04 1.506E-04 1.506E-04 1.360E-04 1.360E-04 1.118E-04 1.118E-04 8.448E-05 8.448E-05 5.902E-05 5.902E-05 3.827E-05 3.827E-05 2.310E-05 2.310E-05 1.301E-05 1.301E-05 6.840E-06 6.840E-06 3.365E-06 3.365E-06 1.550E-06 1.550E-06 6.686E-07 6.686E-07 2.704E-07 2.704E-07 1.026E-07 1.026E-07 3.650E-08 3.650E-08 1.219E-08 1.219E-08 3.823E-09 3.823E-09
  38   1.854 2.479E-03 3.599E-05 3.599E-05 1.018E-04 1.018E-04 1.510E-04 1.510E-04 1.773E-04 1.773E-04 1.804E-04 1.804E-04 1.646E-04 1.646E-04 1.369E-04 1.369E-04 1.049E-04 1.049E-04 7.446E-05 7.446E-05 4.915E-05 4.915E-05 3.026E-05 3.026E-05 1.742E-05 1.742E-05 9.380E-06 9.380E-06 4.735E-06 4.735E-06 2.242E-06 2.242E-06 9.965E-07 9.965E-07 4.160E-07 4.160E-07 1.632E-07 1.632E-07 6.019E-08 6.019E-08 2.088E-08 2.088E-08 6.811E-09 6.811E-09
  39   1.942 2.970E-03 4.170E-05 4.170E-05 1.182E-04 1.182E-04 1.760E-04 1.760E-04 2.079E-04 2.079E-04 2.132E-04 2.132E-04 1.964E-04 1.964E-04 1.653E-04 1.653E-04 1.284E-04 1.284E-04 9.253E-05 9.253E-05 6.216E-05 6.216E-05 3.902E-05 3.902E-05 2.294E-05 2.294E-05 1.265E-05 1.265E-05 6.548E-06 6.548E-06 3.186E-06 3.186E-06 1.458E-06 1.458E-06 6.279E-07 6.279E-07 2.546E-07 2.546E-07 9.723E-08 9.723E-08 3.499E-08 3.499E-08 1.187E-08 1.187E-08
  40   2.035 3.521E-03 4.779E-05 4.779E-05 1.357E-04 1.357E-04 2.028E-04 2.028E-04 2.410E-04 2.410E-04 2.490E-04 2.490E-04 2.315E-04 2.315E-04 1.971E-04 1.971E-04 1.551E-04 1.551E-04 1.135E-04 1.135E-04 7.759E-05 7.759E-05 4.965E-05 4.965E-05 2.980E-05 2.980E-05 1.681E-05 1.681E-05 8.921E-06 8.921E-06 4.458E-06 4.458E-06 2.099E-06 2.099E-06 9.319E-07 9.319E-07 3.903E-07 3.903E-07 1.542E-07 1.542E-07 5.755E-08 5.755E-08 2.028E-08 2.028E-08
  41   2.132 4.162E-03 5.457E-05 5.457E-05 1.553E-04 1.553E-04 2.329E-04 2.329E-04 2.783E-04 2.783E-04 2.897E-04 2.897E-04 2.719E-04 2.719E-04 2.341E-04 2.341E-04 1.867E-04 1.867E-04 1.387E-04 1.387E-04 9.635E-05 9.635E-05 6.281E-05 6.281E-05 3.848E-05 3.848E-05 2.220E-05 2.220E-05 1.207E-05 1.207E-05 6.189E-06 6.189E-06 2.997E-06 2.997E-06 1.370E-06 1.370E-06 5.924E-07 5.924E-07 2.421E-07 2.421E-07 9.358E-08 9.358E-08 3.422E-08 3.422E-08
  42   2.233 4.907E-03 6.214E-05 6.214E-05 1.772E-04 1.772E-04 2.667E-04 2.667E-04 3.204E-04 3.204E-04 3.359E-04 3.359E-04 3.182E-04 3.182E-04 2.769E-04 2.769E-04 2.236E-04 2.236E-04 1.686E-04 1.686E-04 1.191E-04 1.191E-04 7.904E-05 7.904E-05 4.940E-05 4.940E-05 2.913E-05 2.913E-05 1.621E-05 1.621E-05 8.529E-06 8.529E-06 4.243E-06 4.243E-06 1.998E-06 1.998E-06 8.907E-07 8.907E-07 3.761E-07 3.761E-07 1.505E-07 1.505E-07 5.707E-08 5.707E-08
  43   2.339 5.744E-03 7.022E-05 7.022E-05 2.006E-04 2.006E-04 3.029E-04 3.029E-04 3.659E-04 3.659E-04 3.864E-04 3.864E-04 3.693E-04 3.693E-04 3.248E-04 3.248E-04 2.656E-04 2.656E-04 2.030E-04 2.030E-04 1.457E-04 1.457E-04 9.847E-05 9.847E-05 6.276E-05 6.276E-05 3.780E-05 3.780E-05 2.153E-05 2.153E-05 1.161E-05 1.161E-05 5.933E-06 5.933E-06 2.874E-06 2.874E-06 1.320E-06 1.320E-06 5.757E-07 5.757E-07 2.382E-07 2.382E-07 9.360E-08 9.360E-08
  44   2.451 6.679E-03 7.880E-05 7.880E-05 2.254E-04 2.254E-04 3.417E-04 3.417E-04 4.149E-04 4.149E-04 4.412E-04 4.412E-04 4.253E-04 4.253E-04 3.780E-04 3.780E-04 3.128E-04 3.128E-04 2.425E-04 2.425E-04 1.768E-04 1.768E-04 1.215E-04 1.215E-04 7.895E-05 7.895E-05 4.854E-05 4.854E-05 2.828E-05 2.828E-05 1.563E-05 1.563E-05 8.194E-06 8.194E-06 4.081E-06 4.081E-06 1.931E-06 1.931E-06 8.684E-07 8.684E-07 3.714E-07 3.714E-07 1.511E-07 1.511E-07
  45   2.567 7.727E-03 8.795E-05 8.795E-05 2.520E-04 2.520E-04 3.833E-04 3.833E-04 4.678E-04 4.678E-04 5.008E-04 5.008E-04 4.868E-04 4.868E-04 4.371E-04 4.371E-04 3.660E-04 3.660E-04 2.876E-04 2.876E-04 2.129E-04 2.129E-04 1.488E-04 1.488E-04 9.850E-05 9.849E-05 6.180E-05 6.180E-05 3.680E-05 3.680E-05 2.082E-05 2.082E-05 1.120E-05 1.120E-05 5.729E-06 5.729E-06 2.790E-06 2.790E-06 1.293E-06 1.293E-06 5.711E-07 5.711E-07 2.403E-07 2.403E-07
  46   2.689 8.912E-03 9.781E-05 9.781E-05 2.808E-04 2.808E-04 4.284E-04 4.284E-04 5.254E-04 5.254E-04 5.661E-04 5.661E-04 5.549E-04 5.549E-04 5.032E-04 5.032E-04 4.262E-04 4.262E-04 3.393E-04 3.393E-04 2.549E-04 2.549E-04 1.812E-04 1.812E-04 1.221E-04 1.221E-04 7.812E-05 7.812E-05 4.753E-05 4.753E-05 2.751E-05 2.751E-05 1.517E-05 1.517E-05 7.967E-06 7.967E-06 3.989E-06 3.989E-06 1.905E-06 1.905E-06 8.679E-07 8.679E-07 3.773E-07 3.773E-07
  47   2.817 1.024E-02 1.084E-04 1.084E-04 3.116E-04 3.116E-04 4.770E-04 4.770E-04 5.877E-04 5.877E-04 6.374E-04 6.374E-04 6.298E-04 6.298E-04 5.766E-04 5.766E-04 4.939E-04 4.939E-04 3.983E-04 3.983E-04 3.035E-04 3.035E-04 2.192E-04 2.192E-04 1.503E-04 1.503E-04 9.806E-05 9.806E-05 6.091E-05 6.091E-05 3.606E-05 3.606E-05 2.036E-05 2.036E-05 1.097E-05 1.097E-05 5.646E-06 5.646E-06 2.775E-06 2.775E-06 1.303E-06 1.303E-06 5.850E-07 5.850E-07
  48   2.951 1.173E-02 1.196E-04 1.196E-04 3.443E-04 3.443E-04 5.286E-04 5.286E-04 6.545E-04 6.545E-04 7.142E-04 7.142E-04 7.112E-04 7.112E-04 6.572E-04 6.572E-04 5.692E-04 5.692E-04 4.647E-04 4.647E-04 3.591E-04 3.591E-04 2.634E-04 2.634E-04 1.838E-04 1.838E-04 1.221E-04 1.221E-04 7.742E-05 7.741E-05 4.684E-05 4.684E-05 2.707E-05 2.707E-05 1.496E-05 1.496E-05 7.902E-06 7.902E-06 3.994E-06 3.994E-06 1.932E-06 1.932E-06 8.947E-07 8.947E-07
  49   3.092 1.335E-02 1.312E-04 1.312E-04 3.782E-04 3.782E-04 5.826E-04 5.826E-04 7.245E-04 7.245E-04 7.954E-04 7.954E-04 7.981E-04 7.981E-04 7.442E-04 7.442E-04 6.514E-04 6.514E-04 5.383E-04 5.383E-04 4.217E-04 4.217E-04 3.140E-04 3.140E-04 2.228E-04 2.228E-04 1.508E-04 1.508E-04 9.745E-05 9.745E-05 6.022E-05 6.022E-05 3.561E-05 3.561E-05 2.015E-05 2.015E-05 1.092E-05 1.092E-05 5.674E-06 5.674E-06 2.825E-06 2.825E-06 1.348E-06 1.348E-06
  50   3.239 1.511E-02 1.429E-04 1.429E-04 4.128E-04 4.128E-04 6.377E-04 6.377E-04 7.966E-04 7.966E-04 8.798E-04 8.798E-04 8.892E-04 8.892E-04 8.365E-04 8.366E-04 7.397E-04 7.397E-04 6.185E-04 6.185E-04 4.910E-04 4.910E-04 3.711E-04 3.711E-04 2.675E-04 2.675E-04 1.843E-04 1.843E-04 1.214E-04 1.214E-04 7.658E-05 7.658E-05 4.628E-05 4.628E-05 2.682E-05 2.682E-05 1.491E-05 1.491E-05 7.950E-06 7.950E-06 4.070E-06 4.070E-06 2.001E-06 2.001E-06
  51   3.393 1.704E-02 1.551E-04 1.551E-04 4.487E-04 4.487E-04 6.951E-04 6.951E-04 8.721E-04 8.721E-04 9.686E-04 9.686E-04 9.860E-04 9.860E-04 9.356E-04 9.356E-04 8.356E-04 8.356E-04 7.067E-04 7.067E-04 5.682E-04 5.682E-04 4.356E-04 4.356E-04 3.190E-04 3.190E-04 2.235E-04 2.235E-04 1.500E-04 1.500E-04 9.654E-05 9.654E-05 5.961E-05 5.961E-05 3.534E-05 3.534E-05 2.012E-05 2.012E-05 1.101E-05 1.101E-05 5.792E-06 5.792E-06 2.929E-06 2.929E-06
  52   3.554 1.914E-02 1.677E-04 1.677E-04 4.857E-04 4.857E-04 7.546E-04 7.546E-04 9.506E-04 9.506E-04 1.062E-03 1.062E-03 1.088E-03 1.088E-03 1.041E-03 1.041E-03 9.390E-04 9.390E-04 8.030E-04 8.030E-04 6.537E-04 6.537E-04 5.081E-04 5.081E-04 3.778E-04 3.778E-04 2.691E-04 2.691E-04 1.839E-04 1.839E-04 1.207E-04 1.207E-04 7.606E-05 7.606E-05 4.610E-05 4.610E-05 2.688E-05 2.688E-05 1.508E-05 1.508E-05 8.142E-06 8.142E-06 4.234E-06 4.234E-06
  53   3.723 2.133E-02 1.797E-04 1.797E-04 5.213E-04 5.213E-04 8.120E-04 8.120E-04 1.027E-03 1.027E-03 1.153E-03 1.153E-03 1.190E-03 1.190E-03 1.148E-03 1.148E-03 1.045E-03 1.045E-03 9.032E-04 9.032E-04 7.442E-04 7.442E-04 5.862E-04 5.862E-04 4.424E-04 4.423E-04 3.202E-04 3.202E-04 2.227E-04 2.227E-04 1.489E-04 1.489E-04 9.576E-05 9.575E-05 5.929E-05 5.929E-05 3.536E-05 3.536E-05 2.032E-05 2.032E-05 1.126E-05 1.126E-05 6.013E-06 6.013E-06
  54   3.900 2.363E-02 1.915E-04 1.915E-04 5.562E-04 5.562E-04 8.687E-04 8.687E-04 1.103E-03 1.103E-03 1.245E-03 1.245E-03 1.293E-03 1.293E-03 1.257E-03 1.257E-03 1.155E-03 1.155E-03 1.009E-03 1.009E-03 8.408E-04 8.408E-04 6.710E-04 6.710E-04 5.136E-04 5.135E-04 3.776E-04 3.776E-04 2.670E-04 2.670E-04 1.818E-04 1.818E-04 1.192E-04 1.192E-04 7.538E-05 7.538E-05 4.597E-05 4.597E-05 2.704E-05 2.704E-05 1.535E-05 1.535E-05 8.417E-06 8.417E-06
  55   4.086 2.605E-02 2.030E-04 2.030E-04 5.904E-04 5.904E-04 9.244E-04 9.244E-04 1.178E-03 1.178E-03 1.337E-03 1.337E-03 1.397E-03 1.397E-03 1.368E-03 1.368E-03 1.268E-03 1.268E-03 1.119E-03 1.119E-03 9.434E-04 9.434E-04 7.623E-04 7.623E-04 5.916E-04 5.915E-04 4.415E-04 4.416E-04 3.174E-04 3.174E-04 2.199E-04 2.199E-04 1.470E-04 1.470E-04 9.482E-05 9.482E-05 5.907E-05 5.907E-05 3.555E-05 3.555E-05 2.067E-05 2.067E-05 1.162E-05 1.162E-05
  56   4.280 2.846E-02 2.132E-04 2.132E-04 6.207E-04 6.208E-04 9.744E-04 9.743E-04 1.246E-03 1.247E-03 1.421E-03 1.421E-03 1.494E-03 1.494E-03 1.474E-03 1.474E-03 1.378E-03 1.378E-03 1.228E-03 1.228E-03 1.047E-03 1.046E-03 8.559E-04 8.560E-04 6.731E-04 6.731E-04 5.098E-04 5.098E-04 3.723E-04 3.723E-04 2.624E-04 2.624E-04 1.786E-04 1.786E-04 1.175E-04 1.175E-04 7.471E-05 7.471E-05 4.595E-05 4.595E-05 2.735E-05 2.735E-05 1.575E-05 1.575E-05
  57   4.484 3.096E-02 2.228E-04 2.228E-04 6.496E-04 6.496E-04 1.022E-03 1.022E-03 1.312E-03 1.312E-03 1.503E-03 1.503E-03 1.590E-03 1.590E-03 1.580E-03 1.580E-03 1.489E-03 1.489E-03 1.339E-03 1.339E-03 1.153E-03 1.153E-03 9.544E-04 9.545E-04 7.603E-04 7.603E-04 5.839E-04 5.840E-04 4.330E-04 4.330E-04 3.102E-04 3.102E-04 2.149E-04 2.149E-04 1.441E-04 1.441E-04 9.346E-05 9.346E-05 5.872E-05 5.872E-05 3.574E-05 3.574E-05 2.108E-05 2.108E-05
  58   4.697 3.332E-02 2.304E-04 2.304E-04 6.724E-04 6.724E-04 1.060E-03 1.060E-03 1.366E-03 1.366E-03 1.572E-03 1.572E-03 1.673E-03 1.673E-03 1.673E-03 1.673E-03 1.590E-03 1.590E-03 1.443E-03 1.443E-03 1.255E-03 1.255E-03 1.051E-03 1.051E-03 8.473E-04 8.472E-04 6.596E-04 6.596E-04 4.963E-04 4.963E-04 3.612E-04 3.613E-04 2.546E-04 2.546E-04 1.738E-04 1.738E-04 1.150E-04 1.150E-04 7.372E-05 7.372E-05 4.585E-05 4.585E-05 2.766E-05 2.766E-05
  59   4.921 3.549E-02 2.359E-04 2.359E-04 6.894E-04 6.894E-04 1.090E-03 1.090E-03 1.409E-03 1.409E-03 1.628E-03 1.628E-03 1.741E-03 1.741E-03 1.754E-03 1.753E-03 1.678E-03 1.678E-03 1.536E-03 1.536E-03 1.350E-03 1.349E-03 1.141E-03 1.141E-03 9.312E-04 9.310E-04 7.340E-04 7.342E-04 5.601E-04 5.600E-04 4.137E-04 4.138E-04 2.963E-04 2.963E-04 2.057E-04 2.058E-04 1.386E-04 1.386E-04 9.063E-05 9.063E-05 5.753E-05 5.753E-05 3.546E-05 3.546E-05
  60   5.155 3.746E-02 2.422E-04 2.422E-04 7.083E-04 7.084E-04 1.122E-03 1.121E-03 1.453E-03 1.453E-03 1.684E-03 1.684E-03 1.808E-03 1.808E-03 1.829E-03 1.829E-03 1.760E-03 1.760E-03 1.620E-03 1.620E-03 1.432E-03 1.432E-03 1.220E-03 1.220E-03 1.003E-03 1.003E-03 7.972E-04 7.974E-04 6.139E-04 6.138E-04 4.581E-04 4.582E-04 3.317E-04 3.316E-04 2.330E-04 2.330E-04 1.589E-04 1.589E-04 1.053E-04 1.053E-04 6.778E-05 6.778E-05 4.240E-05 4.240E-05
  61   5.400 3.905E-02 2.457E-04 2.457E-04 7.191E-04 7.192E-04 1.141E-03 1.140E-03 1.481E-03 1.481E-03 1.722E-03 1.721E-03 1.855E-03 1.855E-03 1.884E-03 1.884E-03 1.822E-03 1.822E-03 1.686E-03 1.687E-03 1.500E-03 1.500E-03 1.286E-03 1.286E-03 1.065E-03 1.065E-03 8.532E-04 8.535E-04 6.629E-04 6.627E-04 4.994E-04 4.995E-04 3.654E-04 3.653E-04 2.596E-04 2.596E-04 1.792E-04 1.792E-04 1.202E-04 1.202E-04 7.843E-05 7.843E-05 4.976E-05 4.976E-05
  62   5.657 4.017E-02 2.460E-04 2.460E-04 7.206E-04 7.206E-04 1.145E-03 1.145E-03 1.489E-03 1.490E-03 1.737E-03 1.736E-03 1.878E-03 1.878E-03 1.916E-03 1.915E-03 1.861E-03 1.861E-03 1.732E-03 1.732E-03 1.550E-03 1.549E-03 1.336E-03 1.336E-03 1.114E-03 1.113E-03 8.987E-04 8.993E-04 7.042E-04 7.038E-04 5.352E-04 5.354E-04 3.956E-04 3.955E-04 2.840E-04 2.841E-04 1.984E-04 1.984E-04 1.347E-04 1.347E-04 8.903E-05 8.903E-05 5.726E-05 5.726E-05
  63   5.926 4.070E-02 2.427E-04 2.426E-04 7.115E-04 7.116E-04 1.132E-03 1.132E-03 1.476E-03 1.477E-03 1.726E-03 1.726E-03 1.873E-03 1.873E-03 1.919E-03 1.918E-03 1.873E-03 1.873E-03 1.751E-03 1.752E-03 1.576E-03 1.574E-03 1.365E-03 1.366E-03 1.146E-03 1.144E-03 9.299E-04 9.308E-04 7.344E-04 7.338E-04 5.629E-04 5.631E-04 4.200E-04 4.199E-04 3.047E-04 3.047E-04 2.152E-04 2.151E-04 1.479E-04 1.479E-04 9.892E-05 9.892E-05 6.447E-05 6.447E-05